MFEM mesh v1.2

#
# MFEM Geometry Types (see mesh/geom.hpp):
#
# POINT       = 0
# SEGMENT     = 1
# TRIANGLE    = 2
# SQUARE      = 3
# TETRAHEDRON = 4
# CUBE        = 5
# PRISM       = 6
# PYRAMID     = 7
#

dimension
3

elements
866
1 5 168 0 169 632 633 174 634 1065
1 5 632 169 7 170 1065 634 175 635
1 5 633 174 634 1065 171 28 172 636
1 5 1065 634 175 635 636 172 35 173
1 5 0 176 637 169 174 638 1066 634
1 5 176 1 177 637 638 182 639 1066
1 5 637 177 8 178 1066 639 183 640
1 5 169 637 178 7 634 1066 640 175
1 5 174 638 1066 634 28 179 641 172
1 5 638 182 639 1066 179 29 180 641
1 5 1066 639 183 640 641 180 36 181
1 5 634 1066 640 175 172 641 181 35
1 5 1 184 642 177 182 643 1067 639
1 5 184 2 185 642 643 190 644 1067
1 5 642 185 9 186 1067 644 191 645
1 5 177 642 186 8 639 1067 645 183
1 5 182 643 1067 639 29 187 646 180
1 5 643 190 644 1067 187 30 188 646
1 5 1067 644 191 645 646 188 37 189
1 5 639 1067 645 183 180 646 189 36
1 5 2 192 647 185 190 648 1068 644
1 5 192 3 193 647 648 198 649 1068
1 5 647 193 10 194 1068 649 199 650
1 5 185 647 194 9 644 1068 650 191
1 5 190 648 1068 644 30 195 651 188
1 5 648 198 649 1068 195 31 196 651
1 5 1068 649 199 650 651 196 38 197
1 5 644 1068 650 191 188 651 197 37
1 5 3 200 652 193 198 653 1069 649
1 5 200 4 201 652 653 206 654 1069
1 5 652 201 11 202 1069 654 207 655
1 5 193 652 202 10 649 1069 655 199
1 5 198 653 1069 649 31 203 656 196
1 5 653 206 654 1069 203 32 204 656
1 5 1069 654 207 655 656 204 39 205
1 5 649 1069 655 199 196 656 205 38
1 5 4 208 657 201 206 658 1070 654
1 5 208 5 209 657 658 214 659 1070
1 5 657 209 12 210 1070 659 215 660
1 5 201 657 210 11 654 1070 660 207
1 5 206 658 1070 654 32 211 661 204
1 5 658 214 659 1070 211 33 212 661
1 5 1070 659 215 660 661 212 40 213
1 5 654 1070 660 207 204 661 213 39
1 5 5 216 662 209 214 663 1071 659
1 5 216 6 217 662 663 222 664 1071
1 5 662 217 13 218 1071 664 223 665
1 5 209 662 218 12 659 1071 665 215
1 5 214 663 1071 659 33 219 666 212
1 5 663 222 664 1071 219 34 220 666
1 5 1071 664 223 665 666 220 41 221
1 5 659 1071 665 215 212 666 221 40
1 5 170 7 224 667 635 175 668 1072
1 5 667 224 14 225 1072 668 228 669
1 5 635 175 668 1072 173 35 226 670
1 5 1072 668 228 669 670 226 42 227
1 5 7 178 671 224 175 640 1073 668
1 5 178 8 229 671 640 183 672 1073
1 5 671 229 15 230 1073 672 233 673
1 5 224 671 230 14 668 1073 673 228
1 5 175 640 1073 668 35 181 674 226
1 5 640 183 672 1073 181 36 231 674
1 5 1073 672 233 673 674 231 43 232
1 5 668 1073 673 228 226 674 232 42
1 5 8 186 675 229 183 645 1074 672
1 5 186 9 234 675 645 191 676 1074
1 5 675 234 16 235 1074 676 238 677
1 5 229 675 235 15 672 1074 677 233
1 5 183 645 1074 672 36 189 678 231
1 5 645 191 676 1074 189 37 236 678
1 5 1074 676 238 677 678 236 44 237
1 5 672 1074 677 233 231 678 237 43
1 5 9 194 679 234 191 650 1075 676
1 5 194 10 239 679 650 199 680 1075
1 5 679 239 17 240 1075 680 243 681
1 5 234 679 240 16 676 1075 681 238
1 5 191 650 1075 676 37 197 682 236
1 5 650 199 680 1075 197 38 241 682
1 5 1075 680 243 681 682 241 45 242
1 5 676 1075 681 238 236 682 242 44
1 5 10 202 683 239 199 655 1076 680
1 5 202 11 244 683 655 207 684 1076
1 5 683 244 18 245 1076 684 248 685
1 5 239 683 245 17 680 1076 685 243
1 5 199 655 1076 680 38 205 686 241
1 5 655 207 684 1076 205 39 246 686
1 5 1076 684 248 685 686 246 46 247
1 5 680 1076 685 243 241 686 247 45
1 5 11 210 687 244 207 660 1077 684
1 5 210 12 249 687 660 215 688 1077
1 5 687 249 19 250 1077 688 253 689
1 5 244 687 250 18 684 1077 689 248
1 5 207 660 1077 684 39 213 690 246
1 5 660 215 688 1077 213 40 251 690
1 5 1077 688 253 689 690 251 47 252
1 5 684 1077 689 248 246 690 252 46
1 5 12 218 691 249 215 665 1078 688
1 5 218 13 254 691 665 223 692 1078
1 5 691 254 20 255 1078 692 258 693
1 5 249 691 255 19 688 1078 693 253
1 5 215 665 1078 688 40 221 694 251
1 5 665 223 692 1078 221 41 256 694
1 5 1078 692 258 693 694 256 48 257
1 5 688 1078 693 253 251 694 257 47
1 5 225 14 259 695 669 228 696 1079
1 5 669 228 696 1079 227 42 260 697
1 5 14 230 698 259 228 673 1080 696
1 5 230 15 262 698 673 233 699 1080
1 5 698 262 22 263 1080 699 266 700
1 5 259 698 263 21 696 1080 700 261
1 5 228 673 1080 696 42 232 701 260
1 5 673 233 699 1080 232 43 264 701
1 5 1080 699 266 700 701 264 50 265
1 5 696 1080 700 261 260 701 265 49
1 5 15 235 702 262 233 677 1081 699
1 5 235 16 267 702 677 238 703 1081
1 5 702 267 23 268 1081 703 271 704
1 5 262 702 268 22 699 1081 704 266
1 5 233 677 1081 699 43 237 705 264
1 5 677 238 703 1081 237 44 269 705
1 5 1081 703 271 704 705 269 51 270
1 5 699 1081 704 266 264 705 270 50
1 5 16 240 706 267 238 681 1082 703
1 5 240 17 272 706 681 243 707 1082
1 5 706 272 24 273 1082 707 276 708
1 5 267 706 273 23 703 1082 708 271
1 5 238 681 1082 703 44 242 709 269
1 5 681 243 707 1082 242 45 274 709
1 5 1082 707 276 708 709 274 52 275
1 5 703 1082 708 271 269 709 275 51
1 5 17 245 710 272 243 685 1083 707
1 5 245 18 277 710 685 248 711 1083
1 5 710 277 25 278 1083 711 281 712
1 5 272 710 278 24 707 1083 712 276
1 5 243 685 1083 707 45 247 713 274
1 5 685 248 711 1083 247 46 279 713
1 5 1083 711 281 712 713 279 53 280
1 5 707 1083 712 276 274 713 280 52
1 5 18 250 714 277 248 689 1084 711
1 5 250 19 282 714 689 253 715 1084
1 5 714 282 26 283 1084 715 286 716
1 5 277 714 283 25 711 1084 716 281
1 5 248 689 1084 711 46 252 717 279
1 5 689 253 715 1084 252 47 284 717
1 5 1084 715 286 716 717 284 54 285
1 5 711 1084 716 281 279 717 285 53
1 5 19 255 718 282 253 693 1085 715
1 5 255 20 287 718 693 258 719 1085
1 5 718 287 27 288 1085 719 291 720
1 5 282 718 288 26 715 1085 720 286
1 5 253 693 1085 715 47 257 721 284
1 5 693 258 719 1085 257 48 289 721
1 5 1085 719 291 720 721 289 55 290
1 5 715 1085 720 286 284 721 290 54
1 5 263 22 292 722 700 266 723 1086
1 5 700 266 723 1086 265 50 293 724
1 5 22 268 725 292 266 704 1087 723
1 5 268 23 294 725 704 271 726 1087
1 5 266 704 1087 723 50 270 727 293
1 5 704 271 726 1087 270 51 295 727
1 5 23 273 728 294 271 708 1088 726
1 5 273 24 296 728 708 276 729 1088
1 5 271 708 1088 726 51 275 730 295
1 5 708 276 729 1088 275 52 297 730
1 5 24 278 731 296 276 712 1089 729
1 5 278 25 298 731 712 281 732 1089
1 5 276 712 1089 729 52 280 733 297
1 5 712 281 732 1089 280 53 299 733
1 5 25 283 734 298 281 716 1090 732
1 5 283 26 300 734 716 286 735 1090
1 5 281 716 1090 732 53 285 736 299
1 5 716 286 735 1090 285 54 301 736
1 5 26 288 737 300 286 720 1091 735
1 5 288 27 302 737 720 291 738 1091
1 5 286 720 1091 735 54 290 739 301
1 5 720 291 738 1091 290 55 303 739
1 5 171 28 172 636 740 307 741 1092
1 5 636 172 35 173 1092 741 308 742
1 5 740 307 741 1092 304 56 305 743
1 5 1092 741 308 742 743 305 63 306
1 5 28 179 641 172 307 744 1093 741
1 5 179 29 180 641 744 312 745 1093
1 5 641 180 36 181 1093 745 313 746
1 5 172 641 181 35 741 1093 746 308
1 5 307 744 1093 741 56 309 747 305
1 5 744 312 745 1093 309 57 310 747
1 5 1093 745 313 746 747 310 64 311
1 5 741 1093 746 308 305 747 311 63
1 5 29 187 646 180 312 748 1094 745
1 5 187 30 188 646 748 317 749 1094
1 5 646 188 37 189 1094 749 318 750
1 5 180 646 189 36 745 1094 750 313
1 5 312 748 1094 745 57 314 751 310
1 5 748 317 749 1094 314 58 315 751
1 5 1094 749 318 750 751 315 65 316
1 5 745 1094 750 313 310 751 316 64
1 5 30 195 651 188 317 752 1095 749
1 5 195 31 196 651 752 322 753 1095
1 5 651 196 38 197 1095 753 323 754
1 5 188 651 197 37 749 1095 754 318
1 5 317 752 1095 749 58 319 755 315
1 5 752 322 753 1095 319 59 320 755
1 5 1095 753 323 754 755 320 66 321
1 5 749 1095 754 318 315 755 321 65
1 5 31 203 656 196 322 756 1096 753
1 5 203 32 204 656 756 327 757 1096
1 5 656 204 39 205 1096 757 328 758
1 5 196 656 205 38 753 1096 758 323
1 5 322 756 1096 753 59 324 759 320
1 5 756 327 757 1096 324 60 325 759
1 5 1096 757 328 758 759 325 67 326
1 5 753 1096 758 323 320 759 326 66
1 5 32 211 661 204 327 760 1097 757
1 5 211 33 212 661 760 332 761 1097
1 5 661 212 40 213 1097 761 333 762
1 5 204 661 213 39 757 1097 762 328
1 5 327 760 1097 757 60 329 763 325
1 5 760 332 761 1097 329 61 330 763
1 5 1097 761 333 762 763 330 68 331
1 5 757 1097 762 328 325 763 331 67
1 5 33 219 666 212 332 764 1098 761
1 5 219 34 220 666 764 337 765 1098
1 5 666 220 41 221 1098 765 338 766
1 5 212 666 221 40 761 1098 766 333
1 5 332 764 1098 761 61 334 767 330
1 5 764 337 765 1098 334 62 335 767
1 5 1098 765 338 766 767 335 69 336
1 5 761 1098 766 333 330 767 336 68
1 5 173 35 226 670 742 308 768 1099
1 5 670 226 42 227 1099 768 341 769
1 5 742 308 768 1099 306 63 339 770
1 5 1099 768 341 769 770 339 70 340
1 5 35 181 674 226 308 746 1100 768
1 5 181 36 231 674 746 313 771 1100
1 5 674 231 43 232 1100 771 344 772
1 5 226 674 232 42 768 1100 772 341
1 5 308 746 1100 768 63 311 773 339
1 5 746 313 771 1100 311 64 342 773
1 5 1100 771 344 772 773 342 71 343
1 5 768 1100 772 341 339 773 343 70
1 5 36 189 678 231 313 750 1101 771
1 5 189 37 236 678 750 318 774 1101
1 5 678 236 44 237 1101 774 347 775
1 5 231 678 237 43 771 1101 775 344
1 5 313 750 1101 771 64 316 776 342
1 5 750 318 774 1101 316 65 345 776
1 5 1101 774 347 775 776 345 72 346
1 5 771 1101 775 344 342 776 346 71
1 5 37 197 682 236 318 754 1102 774
1 5 197 38 241 682 754 323 777 1102
1 5 682 241 45 242 1102 777 350 778
1 5 236 682 242 44 774 1102 778 347
1 5 318 754 1102 774 65 321 779 345
1 5 754 323 777 1102 321 66 348 779
1 5 1102 777 350 778 779 348 73 349
1 5 774 1102 778 347 345 779 349 72
1 5 38 205 686 241 323 758 1103 777
1 5 205 39 246 686 758 328 780 1103
1 5 686 246 46 247 1103 780 353 781
1 5 241 686 247 45 777 1103 781 350
1 5 323 758 1103 777 66 326 782 348
1 5 758 328 780 1103 326 67 351 782
1 5 1103 780 353 781 782 351 74 352
1 5 777 1103 781 350 348 782 352 73
1 5 39 213 690 246 328 762 1104 780
1 5 213 40 251 690 762 333 783 1104
1 5 690 251 47 252 1104 783 356 784
1 5 246 690 252 46 780 1104 784 353
1 5 328 762 1104 780 67 331 785 351
1 5 762 333 783 1104 331 68 354 785
1 5 1104 783 356 784 785 354 75 355
1 5 780 1104 784 353 351 785 355 74
1 5 40 221 694 251 333 766 1105 783
1 5 221 41 256 694 766 338 786 1105
1 5 694 256 48 257 1105 786 359 787
1 5 251 694 257 47 783 1105 787 356
1 5 333 766 1105 783 68 336 788 354
1 5 766 338 786 1105 336 69 357 788
1 5 1105 786 359 787 788 357 76 358
1 5 783 1105 787 356 354 788 358 75
1 5 227 42 260 697 769 341 789 1106
1 5 769 341 789 1106 340 70 360 790
1 5 42 232 701 260 341 772 1107 789
1 5 232 43 264 701 772 344 791 1107
1 5 701 264 50 265 1107 791 364 792
1 5 260 701 265 49 789 1107 792 361
1 5 341 772 1107 789 70 343 793 360
1 5 772 344 791 1107 343 71 362 793
1 5 1107 791 364 792 793 362 78 363
1 5 789 1107 792 361 360 793 363 77
1 5 43 237 705 264 344 775 1108 791
1 5 237 44 269 705 775 347 794 1108
1 5 705 269 51 270 1108 794 367 795
1 5 264 705 270 50 791 1108 795 364
1 5 344 775 1108 791 71 346 796 362
1 5 775 347 794 1108 346 72 365 796
1 5 1108 794 367 795 796 365 79 366
1 5 791 1108 795 364 362 796 366 78
1 5 44 242 709 269 347 778 1109 794
1 5 242 45 274 709 778 350 797 1109
1 5 709 274 52 275 1109 797 370 798
1 5 269 709 275 51 794 1109 798 367
1 5 347 778 1109 794 72 349 799 365
1 5 778 350 797 1109 349 73 368 799
1 5 1109 797 370 798 799 368 80 369
1 5 794 1109 798 367 365 799 369 79
1 5 45 247 713 274 350 781 1110 797
1 5 247 46 279 713 781 353 800 1110
1 5 713 279 53 280 1110 800 373 801
1 5 274 713 280 52 797 1110 801 370
1 5 350 781 1110 797 73 352 802 368
1 5 781 353 800 1110 352 74 371 802
1 5 1110 800 373 801 802 371 81 372
1 5 797 1110 801 370 368 802 372 80
1 5 46 252 717 279 353 784 1111 800
1 5 252 47 284 717 784 356 803 1111
1 5 717 284 54 285 1111 803 376 804
1 5 279 717 285 53 800 1111 804 373
1 5 353 784 1111 800 74 355 805 371
1 5 784 356 803 1111 355 75 374 805
1 5 1111 803 376 804 805 374 82 375
1 5 800 1111 804 373 371 805 375 81
1 5 47 257 721 284 356 787 1112 803
1 5 257 48 289 721 787 359 806 1112
1 5 721 289 55 290 1112 806 379 807
1 5 284 721 290 54 803 1112 807 376
1 5 356 787 1112 803 75 358 808 374
1 5 787 359 806 1112 358 76 377 808
1 5 1112 806 379 807 808 377 83 378
1 5 803 1112 807 376 374 808 378 82
1 5 265 50 293 724 792 364 809 1113
1 5 792 364 809 1113 363 78 380 810
1 5 50 270 727 293 364 795 1114 809
1 5 270 51 295 727 795 367 811 1114
1 5 364 795 1114 809 78 366 812 380
1 5 795 367 811 1114 366 79 381 812
1 5 51 275 730 295 367 798 1115 811
1 5 275 52 297 730 798 370 813 1115
1 5 367 798 1115 811 79 369 814 381
1 5 798 370 813 1115 369 80 382 814
1 5 52 280 733 297 370 801 1116 813
1 5 280 53 299 733 801 373 815 1116
1 5 370 801 1116 813 80 372 816 382
1 5 801 373 815 1116 372 81 383 816
1 5 53 285 736 299 373 804 1117 815
1 5 285 54 301 736 804 376 817 1117
1 5 373 804 1117 815 81 375 818 383
1 5 804 376 817 1117 375 82 384 818
1 5 54 290 739 301 376 807 1118 817
1 5 290 55 303 739 807 379 819 1118
1 5 376 807 1118 817 82 378 820 384
1 5 807 379 819 1118 378 83 385 820
1 5 304 56 305 743 821 389 822 1119
1 5 743 305 63 306 1119 822 390 823
1 5 821 389 822 1119 386 84 387 824
1 5 1119 822 390 823 824 387 91 388
1 5 56 309 747 305 389 825 1120 822
1 5 309 57 310 747 825 394 826 1120
1 5 747 310 64 311 1120 826 395 827
1 5 305 747 311 63 822 1120 827 390
1 5 389 825 1120 822 84 391 828 387
1 5 825 394 826 1120 391 85 392 828
1 5 1120 826 395 827 828 392 92 393
1 5 822 1120 827 390 387 828 393 91
1 5 57 314 751 310 394 829 1121 826
1 5 314 58 315 751 829 399 830 1121
1 5 751 315 65 316 1121 830 400 831
1 5 310 751 316 64 826 1121 831 395
1 5 394 829 1121 826 85 396 832 392
1 5 829 399 830 1121 396 86 397 832
1 5 1121 830 400 831 832 397 93 398
1 5 826 1121 831 395 392 832 398 92
1 5 58 319 755 315 399 833 1122 830
1 5 319 59 320 755 833 404 834 1122
1 5 755 320 66 321 1122 834 405 835
1 5 315 755 321 65 830 1122 835 400
1 5 399 833 1122 830 86 401 836 397
1 5 833 404 834 1122 401 87 402 836
1 5 1122 834 405 835 836 402 94 403
1 5 830 1122 835 400 397 836 403 93
1 5 59 324 759 320 404 837 1123 834
1 5 324 60 325 759 837 409 838 1123
1 5 759 325 67 326 1123 838 410 839
1 5 320 759 326 66 834 1123 839 405
1 5 404 837 1123 834 87 406 840 402
1 5 837 409 838 1123 406 88 407 840
1 5 1123 838 410 839 840 407 95 408
1 5 834 1123 839 405 402 840 408 94
1 5 60 329 763 325 409 841 1124 838
1 5 329 61 330 763 841 414 842 1124
1 5 763 330 68 331 1124 842 415 843
1 5 325 763 331 67 838 1124 843 410
1 5 409 841 1124 838 88 411 844 407
1 5 841 414 842 1124 411 89 412 844
1 5 1124 842 415 843 844 412 96 413
1 5 838 1124 843 410 407 844 413 95
1 5 61 334 767 330 414 845 1125 842
1 5 334 62 335 767 845 419 846 1125
1 5 767 335 69 336 1125 846 420 847
1 5 330 767 336 68 842 1125 847 415
1 5 414 845 1125 842 89 416 848 412
1 5 845 419 846 1125 416 90 417 848
1 5 1125 846 420 847 848 417 97 418
1 5 842 1125 847 415 412 848 418 96
1 5 306 63 339 770 823 390 849 1126
1 5 770 339 70 340 1126 849 423 850
1 5 823 390 849 1126 388 91 421 851
1 5 1126 849 423 850 851 421 98 422
1 5 63 311 773 339 390 827 1127 849
1 5 311 64 342 773 827 395 852 1127
1 5 773 342 71 343 1127 852 426 853
1 5 339 773 343 70 849 1127 853 423
1 5 390 827 1127 849 91 393 854 421
1 5 827 395 852 1127 393 92 424 854
1 5 1127 852 426 853 854 424 99 425
1 5 849 1127 853 423 421 854 425 98
1 5 64 316 776 342 395 831 1128 852
1 5 316 65 345 776 831 400 855 1128
1 5 776 345 72 346 1128 855 429 856
1 5 342 776 346 71 852 1128 856 426
1 5 395 831 1128 852 92 398 857 424
1 5 831 400 855 1128 398 93 427 857
1 5 1128 855 429 856 857 427 100 428
1 5 852 1128 856 426 424 857 428 99
1 5 65 321 779 345 400 835 1129 855
1 5 321 66 348 779 835 405 858 1129
1 5 779 348 73 349 1129 858 432 859
1 5 345 779 349 72 855 1129 859 429
1 5 400 835 1129 855 93 403 860 427
1 5 835 405 858 1129 403 94 430 860
1 5 1129 858 432 859 860 430 101 431
1 5 855 1129 859 429 427 860 431 100
1 5 66 326 782 348 405 839 1130 858
1 5 326 67 351 782 839 410 861 1130
1 5 782 351 74 352 1130 861 435 862
1 5 348 782 352 73 858 1130 862 432
1 5 405 839 1130 858 94 408 863 430
1 5 839 410 861 1130 408 95 433 863
1 5 1130 861 435 862 863 433 102 434
1 5 858 1130 862 432 430 863 434 101
1 5 67 331 785 351 410 843 1131 861
1 5 331 68 354 785 843 415 864 1131
1 5 785 354 75 355 1131 864 438 865
1 5 351 785 355 74 861 1131 865 435
1 5 410 843 1131 861 95 413 866 433
1 5 843 415 864 1131 413 96 436 866
1 5 1131 864 438 865 866 436 103 437
1 5 861 1131 865 435 433 866 437 102
1 5 68 336 788 354 415 847 1132 864
1 5 336 69 357 788 847 420 867 1132
1 5 788 357 76 358 1132 867 441 868
1 5 354 788 358 75 864 1132 868 438
1 5 415 847 1132 864 96 418 869 436
1 5 847 420 867 1132 418 97 439 869
1 5 1132 867 441 868 869 439 104 440
1 5 864 1132 868 438 436 869 440 103
1 5 340 70 360 790 850 423 870 1133
1 5 850 423 870 1133 422 98 442 871
1 5 70 343 793 360 423 853 1134 870
1 5 343 71 362 793 853 426 872 1134
1 5 793 362 78 363 1134 872 446 873
1 5 360 793 363 77 870 1134 873 443
1 5 423 853 1134 870 98 425 874 442
1 5 853 426 872 1134 425 99 444 874
1 5 1134 872 446 873 874 444 105 445
1 5 71 346 796 362 426 856 1135 872
1 5 346 72 365 796 856 429 875 1135
1 5 796 365 79 366 1135 875 449 876
1 5 362 796 366 78 872 1135 876 446
1 5 426 856 1135 872 99 428 877 444
1 5 856 429 875 1135 428 100 447 877
1 5 1135 875 449 876 877 447 106 448
1 5 872 1135 876 446 444 877 448 105
1 5 72 349 799 365 429 859 1136 875
1 5 349 73 368 799 859 432 878 1136
1 5 799 368 80 369 1136 878 452 879
1 5 365 799 369 79 875 1136 879 449
1 5 429 859 1136 875 100 431 880 447
1 5 859 432 878 1136 431 101 450 880
1 5 1136 878 452 879 880 450 107 451
1 5 875 1136 879 449 447 880 451 106
1 5 73 352 802 368 432 862 1137 878
1 5 352 74 371 802 862 435 881 1137
1 5 802 371 81 372 1137 881 455 882
1 5 368 802 372 80 878 1137 882 452
1 5 432 862 1137 878 101 434 883 450
1 5 862 435 881 1137 434 102 453 883
1 5 1137 881 455 882 883 453 108 454
1 5 878 1137 882 452 450 883 454 107
1 5 74 355 805 371 435 865 1138 881
1 5 355 75 374 805 865 438 884 1138
1 5 805 374 82 375 1138 884 458 885
1 5 371 805 375 81 881 1138 885 455
1 5 435 865 1138 881 102 437 886 453
1 5 865 438 884 1138 437 103 456 886
1 5 1138 884 458 885 886 456 109 457
1 5 881 1138 885 455 453 886 457 108
1 5 75 358 808 374 438 868 1139 884
1 5 358 76 377 808 868 441 887 1139
1 5 808 377 83 378 1139 887 461 888
1 5 374 808 378 82 884 1139 888 458
1 5 438 868 1139 884 103 440 889 456
1 5 868 441 887 1139 440 104 459 889
1 5 1139 887 461 888 889 459 110 460
1 5 884 1139 888 458 456 889 460 109
1 5 363 78 380 810 873 446 890 1140
1 5 873 446 890 1140 445 105 462 891
1 5 78 366 812 380 446 876 1141 890
1 5 366 79 381 812 876 449 892 1141
1 5 446 876 1141 890 105 448 893 462
1 5 876 449 892 1141 448 106 463 893
1 5 79 369 814 381 449 879 1142 892
1 5 369 80 382 814 879 452 894 1142
1 5 449 879 1142 892 106 451 895 463
1 5 879 452 894 1142 451 107 464 895
1 5 80 372 816 382 452 882 1143 894
1 5 372 81 383 816 882 455 896 1143
1 5 452 882 1143 894 107 454 897 464
1 5 882 455 896 1143 454 108 465 897
1 5 81 375 818 383 455 885 1144 896
1 5 375 82 384 818 885 458 898 1144
1 5 455 885 1144 896 108 457 899 465
1 5 885 458 898 1144 457 109 466 899
1 5 82 378 820 384 458 888 1145 898
1 5 378 83 385 820 888 461 900 1145
1 5 458 888 1145 898 109 460 901 466
1 5 888 461 900 1145 460 110 467 901
1 5 386 84 387 824 902 468 903 1146
1 5 824 387 91 388 1146 903 469 904
1 5 84 391 828 387 468 905 1147 903
1 5 391 85 392 828 905 470 906 1147
1 5 828 392 92 393 1147 906 471 907
1 5 387 828 393 91 903 1147 907 469
1 5 85 396 832 392 470 908 1148 906
1 5 396 86 397 832 908 475 909 1148
1 5 832 397 93 398 1148 909 476 910
1 5 392 832 398 92 906 1148 910 471
1 5 908 475 909 1148 472 111 473 911
1 5 1148 909 476 910 911 473 116 474
1 5 86 401 836 397 475 912 1149 909
1 5 401 87 402 836 912 480 913 1149
1 5 836 402 94 403 1149 913 481 914
1 5 397 836 403 93 909 1149 914 476
1 5 475 912 1149 909 111 477 915 473
1 5 912 480 913 1149 477 112 478 915
1 5 1149 913 481 914 915 478 117 479
1 5 909 1149 914 476 473 915 479 116
1 5 87 406 840 402 480 916 1150 913
1 5 406 88 407 840 916 485 917 1150
1 5 840 407 95 408 1150 917 486 918
1 5 402 840 408 94 913 1150 918 481
1 5 480 916 1150 913 112 482 919 478
1 5 916 485 917 1150 482 113 483 919
1 5 1150 917 486 918 919 483 118 484
1 5 913 1150 918 481 478 919 484 117
1 5 88 411 844 407 485 920 1151 917
1 5 411 89 412 844 920 490 921 1151
1 5 844 412 96 413 1151 921 491 922
1 5 407 844 413 95 917 1151 922 486
1 5 485 920 1151 917 113 487 923 483
1 5 920 490 921 1151 487 114 488 923
1 5 1151 921 491 922 923 488 119 489
1 5 917 1151 922 486 483 923 489 118
1 5 89 416 848 412 490 924 1152 921
1 5 416 90 417 848 924 495 925 1152
1 5 848 417 97 418 1152 925 496 926
1 5 412 848 418 96 921 1152 926 491
1 5 490 924 1152 921 114 492 927 488
1 5 924 495 925 1152 492 115 493 927
1 5 1152 925 496 926 927 493 120 494
1 5 921 1152 926 491 488 927 494 119
1 5 388 91 421 851 904 469 928 1153
1 5 851 421 98 422 1153 928 497 929
1 5 91 393 854 421 469 907 1154 928
1 5 393 92 424 854 907 471 930 1154
1 5 854 424 99 425 1154 930 498 931
1 5 421 854 425 98 928 1154 931 497
1 5 92 398 857 424 471 910 1155 930
1 5 398 93 427 857 910 476 932 1155
1 5 857 427 100 428 1155 932 501 933
1 5 424 857 428 99 930 1155 933 498
1 5 910 476 932 1155 474 116 499 934
1 5 1155 932 501 933 934 499 121 500
1 5 93 403 860 427 476 914 1156 932
1 5 403 94 430 860 914 481 935 1156
1 5 860 430 101 431 1156 935 504 936
1 5 427 860 431 100 932 1156 936 501
1 5 476 914 1156 932 116 479 937 499
1 5 914 481 935 1156 479 117 502 937
1 5 1156 935 504 936 937 502 122 503
1 5 932 1156 936 501 499 937 503 121
1 5 94 408 863 430 481 918 1157 935
1 5 408 95 433 863 918 486 938 1157
1 5 863 433 102 434 1157 938 507 939
1 5 430 863 434 101 935 1157 939 504
1 5 481 918 1157 935 117 484 940 502
1 5 918 486 938 1157 484 118 505 940
1 5 1157 938 507 939 940 505 123 506
1 5 935 1157 939 504 502 940 506 122
1 5 95 413 866 433 486 922 1158 938
1 5 413 96 436 866 922 491 941 1158
1 5 866 436 103 437 1158 941 510 942
1 5 433 866 437 102 938 1158 942 507
1 5 486 922 1158 938 118 489 943 505
1 5 922 491 941 1158 489 119 508 943
1 5 1158 941 510 942 943 508 124 509
1 5 938 1158 942 507 505 943 509 123
1 5 96 418 869 436 491 926 1159 941
1 5 418 97 439 869 926 496 944 1159
1 5 869 439 104 440 1159 944 513 945
1 5 436 869 440 103 941 1159 945 510
1 5 491 926 1159 941 119 494 946 508
1 5 926 496 944 1159 494 120 511 946
1 5 1159 944 513 945 946 511 125 512
1 5 941 1159 945 510 508 946 512 124
1 5 422 98 442 871 929 497 947 1160
1 5 98 425 874 442 497 931 1161 947
1 5 425 99 444 874 931 498 948 1161
1 5 874 444 105 445 1161 948 514 949
1 5 99 428 877 444 498 933 1162 948
1 5 428 100 447 877 933 501 950 1162
1 5 877 447 106 448 1162 950 516 951
1 5 444 877 448 105 948 1162 951 514
1 5 933 501 950 1162 500 121 515 952
1 5 100 431 880 447 501 936 1163 950
1 5 431 101 450 880 936 504 953 1163
1 5 880 450 107 451 1163 953 518 954
1 5 447 880 451 106 950 1163 954 516
1 5 501 936 1163 950 121 503 955 515
1 5 936 504 953 1163 503 122 517 955
1 5 101 434 883 450 504 939 1164 953
1 5 434 102 453 883 939 507 956 1164
1 5 883 453 108 454 1164 956 521 957
1 5 450 883 454 107 953 1164 957 518
1 5 504 939 1164 953 122 506 958 517
1 5 939 507 956 1164 506 123 519 958
1 5 1164 956 521 957 958 519 127 520
1 5 953 1164 957 518 517 958 520 126
1 5 102 437 886 453 507 942 1165 956
1 5 437 103 456 886 942 510 959 1165
1 5 886 456 109 457 1165 959 524 960
1 5 453 886 457 108 956 1165 960 521
1 5 507 942 1165 956 123 509 961 519
1 5 942 510 959 1165 509 124 522 961
1 5 1165 959 524 960 961 522 128 523
1 5 956 1165 960 521 519 961 523 127
1 5 103 440 889 456 510 945 1166 959
1 5 440 104 459 889 945 513 962 1166
1 5 889 459 110 460 1166 962 527 963
1 5 456 889 460 109 959 1166 963 524
1 5 510 945 1166 959 124 512 964 522
1 5 945 513 962 1166 512 125 525 964
1 5 1166 962 527 963 964 525 129 526
1 5 959 1166 963 524 522 964 526 128
1 5 445 105 462 891 949 514 965 1167
1 5 105 448 893 462 514 951 1168 965
1 5 448 106 463 893 951 516 966 1168
1 5 106 451 895 463 516 954 1169 966
1 5 451 107 464 895 954 518 967 1169
1 5 107 454 897 464 518 957 1170 967
1 5 454 108 465 897 957 521 968 1170
1 5 108 457 899 465 521 960 1171 968
1 5 457 109 466 899 960 524 969 1171
1 5 109 460 901 466 524 963 1172 969
1 5 460 110 467 901 963 527 970 1172
1 5 472 111 473 911 971 531 972 1173
1 5 911 473 116 474 1173 972 532 973
1 5 971 531 972 1173 528 130 529 974
1 5 1173 972 532 973 974 529 135 530
1 5 111 477 915 473 531 975 1174 972
1 5 477 112 478 915 975 536 976 1174
1 5 915 478 117 479 1174 976 537 977
1 5 473 915 479 116 972 1174 977 532
1 5 531 975 1174 972 130 533 978 529
1 5 975 536 976 1174 533 131 534 978
1 5 1174 976 537 977 978 534 136 535
1 5 972 1174 977 532 529 978 535 135
1 5 112 482 919 478 536 979 1175 976
1 5 482 113 483 919 979 541 980 1175
1 5 919 483 118 484 1175 980 542 981
1 5 478 919 484 117 976 1175 981 537
1 5 536 979 1175 976 131 538 982 534
1 5 979 541 980 1175 538 132 539 982
1 5 1175 980 542 981 982 539 137 540
1 5 976 1175 981 537 534 982 540 136
1 5 113 487 923 483 541 983 1176 980
1 5 487 114 488 923 983 546 984 1176
1 5 923 488 119 489 1176 984 547 985
1 5 483 923 489 118 980 1176 985 542
1 5 541 983 1176 980 132 543 986 539
1 5 983 546 984 1176 543 133 544 986
1 5 1176 984 547 985 986 544 138 545
1 5 980 1176 985 542 539 986 545 137
1 5 114 492 927 488 546 987 1177 984
1 5 492 115 493 927 987 551 988 1177
1 5 927 493 120 494 1177 988 552 989
1 5 488 927 494 119 984 1177 989 547
1 5 546 987 1177 984 133 548 990 544
1 5 987 551 988 1177 548 134 549 990
1 5 1177 988 552 989 990 549 139 550
1 5 984 1177 989 547 544 990 550 138
1 5 474 116 499 934 973 532 991 1178
1 5 934 499 121 500 1178 991 555 992
1 5 973 532 991 1178 530 135 553 993
1 5 1178 991 555 992 993 553 140 554
1 5 116 479 937 499 532 977 1179 991
1 5 479 117 502 937 977 537 994 1179
1 5 937 502 122 503 1179 994 558 995
1 5 499 937 503 121 991 1179 995 555
1 5 532 977 1179 991 135 535 996 553
1 5 977 537 994 1179 535 136 556 996
1 5 1179 994 558 995 996 556 141 557
1 5 991 1179 995 555 553 996 557 140
1 5 117 484 940 502 537 981 1180 994
1 5 484 118 505 940 981 542 997 1180
1 5 940 505 123 506 1180 997 561 998
1 5 502 940 506 122 994 1180 998 558
1 5 537 981 1180 994 136 540 999 556
1 5 981 542 997 1180 540 137 559 999
1 5 1180 997 561 998 999 559 142 560
1 5 994 1180 998 558 556 999 560 141
1 5 118 489 943 505 542 985 1181 997
1 5 489 119 508 943 985 547 1000 1181
1 5 943 508 124 509 1181 1000 564 1001
1 5 505 943 509 123 997 1181 1001 561
1 5 542 985 1181 997 137 545 1002 559
1 5 985 547 1000 1181 545 138 562 1002
1 5 1181 1000 564 1001 1002 562 143 563
1 5 997 1181 1001 561 559 1002 563 142
1 5 119 494 946 508 547 989 1182 1000
1 5 494 120 511 946 989 552 1003 1182
1 5 946 511 125 512 1182 1003 567 1004
1 5 508 946 512 124 1000 1182 1004 564
1 5 547 989 1182 1000 138 550 1005 562
1 5 989 552 1003 1182 550 139 565 1005
1 5 1182 1003 567 1004 1005 565 144 566
1 5 1000 1182 1004 564 562 1005 566 143
1 5 500 121 515 952 992 555 1006 1183
1 5 121 503 955 515 555 995 1184 1006
1 5 503 122 517 955 995 558 1007 1184
1 5 555 995 1184 1006 140 557 1008 568
1 5 995 558 1007 1184 557 141 569 1008
1 5 122 506 958 517 558 998 1185 1007
1 5 506 123 519 958 998 561 1009 1185
1 5 958 519 127 520 1185 1009 573 1010
1 5 517 958 520 126 1007 1185 1010 570
1 5 558 998 1185 1007 141 560 1011 569
1 5 998 561 1009 1185 560 142 571 1011
1 5 1185 1009 573 1010 1011 571 146 572
1 5 1007 1185 1010 570 569 1011 572 145
1 5 123 509 961 519 561 1001 1186 1009
1 5 509 124 522 961 1001 564 1012 1186
1 5 961 522 128 523 1186 1012 576 1013
1 5 519 961 523 127 1009 1186 1013 573
1 5 561 1001 1186 1009 142 563 1014 571
1 5 1001 564 1012 1186 563 143 574 1014
1 5 1186 1012 576 1013 1014 574 147 575
1 5 1009 1186 1013 573 571 1014 575 146
1 5 124 512 964 522 564 1004 1187 1012
1 5 512 125 525 964 1004 567 1015 1187
1 5 964 525 129 526 1187 1015 579 1016
1 5 522 964 526 128 1012 1187 1016 576
1 5 564 1004 1187 1012 143 566 1017 574
1 5 1004 567 1015 1187 566 144 577 1017
1 5 1187 1015 579 1016 1017 577 148 578
1 5 1012 1187 1016 576 574 1017 578 147
1 5 528 130 529 974 1018 583 1019 1188
1 5 974 529 135 530 1188 1019 584 1020
1 5 1018 583 1019 1188 580 149 581 1021
1 5 1188 1019 584 1020 1021 581 154 582
1 5 130 533 978 529 583 1022 1189 1019
1 5 533 131 534 978 1022 588 1023 1189
1 5 978 534 136 535 1189 1023 589 1024
1 5 529 978 535 135 1019 1189 1024 584
1 5 583 1022 1189 1019 149 585 1025 581
1 5 1022 588 1023 1189 585 150 586 1025
1 5 1189 1023 589 1024 1025 586 155 587
1 5 1019 1189 1024 584 581 1025 587 154
1 5 131 538 982 534 588 1026 1190 1023
1 5 538 132 539 982 1026 593 1027 1190
1 5 982 539 137 540 1190 1027 594 1028
1 5 534 982 540 136 1023 1190 1028 589
1 5 588 1026 1190 1023 150 590 1029 586
1 5 1026 593 1027 1190 590 151 591 1029
1 5 1190 1027 594 1028 1029 591 156 592
1 5 1023 1190 1028 589 586 1029 592 155
1 5 132 543 986 539 593 1030 1191 1027
1 5 543 133 544 986 1030 598 1031 1191
1 5 986 544 138 545 1191 1031 599 1032
1 5 539 986 545 137 1027 1191 1032 594
1 5 593 1030 1191 1027 151 595 1033 591
1 5 1030 598 1031 1191 595 152 596 1033
1 5 1191 1031 599 1032 1033 596 157 597
1 5 1027 1191 1032 594 591 1033 597 156
1 5 133 548 990 544 598 1034 1192 1031
1 5 548 134 549 990 1034 603 1035 1192
1 5 990 549 139 550 1192 1035 604 1036
1 5 544 990 550 138 1031 1192 1036 599
1 5 598 1034 1192 1031 152 600 1037 596
1 5 1034 603 1035 1192 600 153 601 1037
1 5 1192 1035 604 1036 1037 601 158 602
1 5 1031 1192 1036 599 596 1037 602 157
1 5 530 135 553 993 1020 584 1038 1193
1 5 993 553 140 554 1193 1038 607 1039
1 5 1020 584 1038 1193 582 154 605 1040
1 5 1193 1038 607 1039 1040 605 159 606
1 5 135 535 996 553 584 1024 1194 1038
1 5 535 136 556 996 1024 589 1041 1194
1 5 996 556 141 557 1194 1041 610 1042
1 5 553 996 557 140 1038 1194 1042 607
1 5 584 1024 1194 1038 154 587 1043 605
1 5 1024 589 1041 1194 587 155 608 1043
1 5 1194 1041 610 1042 1043 608 160 609
1 5 1038 1194 1042 607 605 1043 609 159
1 5 136 540 999 556 589 1028 1195 1041
1 5 540 137 559 999 1028 594 1044 1195
1 5 999 559 142 560 1195 1044 613 1045
1 5 556 999 560 141 1041 1195 1045 610
1 5 589 1028 1195 1041 155 592 1046 608
1 5 1028 594 1044 1195 592 156 611 1046
1 5 1195 1044 613 1045 1046 611 161 612
1 5 1041 1195 1045 610 608 1046 612 160
1 5 137 545 1002 559 594 1032 1196 1044
1 5 545 138 562 1002 1032 599 1047 1196
1 5 1002 562 143 563 1196 1047 616 1048
1 5 559 1002 563 142 1044 1196 1048 613
1 5 594 1032 1196 1044 156 597 1049 611
1 5 1032 599 1047 1196 597 157 614 1049
1 5 1196 1047 616 1048 1049 614 162 615
1 5 1044 1196 1048 613 611 1049 615 161
1 5 138 550 1005 562 599 1036 1197 1047
1 5 550 139 565 1005 1036 604 1050 1197
1 5 1005 565 144 566 1197 1050 619 1051
1 5 562 1005 566 143 1047 1197 1051 616
1 5 599 1036 1197 1047 157 602 1052 614
1 5 1036 604 1050 1197 602 158 617 1052
1 5 1197 1050 619 1051 1052 617 163 618
1 5 1047 1197 1051 616 614 1052 618 162
1 5 140 557 1008 568 607 1042 1198 1053
1 5 557 141 569 1008 1042 610 1054 1198
1 5 607 1042 1198 1053 159 609 1055 620
1 5 1042 610 1054 1198 609 160 621 1055
1 5 141 560 1011 569 610 1045 1199 1054
1 5 560 142 571 1011 1045 613 1056 1199
1 5 1011 571 146 572 1199 1056 625 1057
1 5 569 1011 572 145 1054 1199 1057 622
1 5 610 1045 1199 1054 160 612 1058 621
1 5 1045 613 1056 1199 612 161 623 1058
1 5 1199 1056 625 1057 1058 623 165 624
1 5 1054 1199 1057 622 621 1058 624 164
1 5 142 563 1014 571 613 1048 1200 1056
1 5 563 143 574 1014 1048 616 1059 1200
1 5 1014 574 147 575 1200 1059 628 1060
1 5 571 1014 575 146 1056 1200 1060 625
1 5 613 1048 1200 1056 161 615 1061 623
1 5 1048 616 1059 1200 615 162 626 1061
1 5 1200 1059 628 1060 1061 626 166 627
1 5 1056 1200 1060 625 623 1061 627 165
1 5 143 566 1017 574 616 1051 1201 1059
1 5 566 144 577 1017 1051 619 1062 1201
1 5 1017 577 148 578 1201 1062 631 1063
1 5 574 1017 578 147 1059 1201 1063 628
1 5 616 1051 1201 1059 162 618 1064 626
1 5 1051 619 1062 1201 618 163 629 1064
1 5 1201 1062 631 1063 1064 629 167 630
1 5 1059 1201 1063 628 626 1064 630 166

boundary
353
1 3 632 170 7 169
1 3 168 632 169 0
1 3 0 169 637 176
1 3 169 7 178 637
1 3 637 178 8 177
1 3 176 637 177 1
1 3 1 177 642 184
1 3 177 8 186 642
1 3 642 186 9 185
1 3 184 642 185 2
1 3 2 185 647 192
1 3 185 9 194 647
1 3 647 194 10 193
1 3 192 647 193 3
1 3 3 193 652 200
1 3 193 10 202 652
1 3 652 202 11 201
1 3 200 652 201 4
1 3 4 201 657 208
1 3 201 11 210 657
1 3 657 210 12 209
1 3 208 657 209 5
1 3 5 209 662 216
1 3 209 12 218 662
1 3 662 218 13 217
1 3 216 662 217 6
1 3 667 225 14 224
1 3 170 667 224 7
1 3 7 224 671 178
1 3 224 14 230 671
1 3 671 230 15 229
1 3 178 671 229 8
1 3 8 229 675 186
1 3 229 15 235 675
1 3 675 235 16 234
1 3 186 675 234 9
1 3 9 234 679 194
1 3 234 16 240 679
1 3 679 240 17 239
1 3 194 679 239 10
1 3 10 239 683 202
1 3 239 17 245 683
1 3 683 245 18 244
1 3 202 683 244 11
1 3 11 244 687 210
1 3 244 18 250 687
1 3 687 250 19 249
1 3 210 687 249 12
1 3 12 249 691 218
1 3 249 19 255 691
1 3 691 255 20 254
1 3 218 691 254 13
1 3 225 695 259 14
1 3 14 259 698 230
1 3 259 21 263 698
1 3 698 263 22 262
1 3 230 698 262 15
1 3 15 262 702 235
1 3 262 22 268 702
1 3 702 268 23 267
1 3 235 702 267 16
1 3 16 267 706 240
1 3 267 23 273 706
1 3 706 273 24 272
1 3 240 706 272 17
1 3 17 272 710 245
1 3 272 24 278 710
1 3 710 278 25 277
1 3 245 710 277 18
1 3 18 277 714 250
1 3 277 25 283 714
1 3 714 283 26 282
1 3 250 714 282 19
1 3 19 282 718 255
1 3 282 26 288 718
1 3 718 288 27 287
1 3 255 718 287 20
1 3 263 722 292 22
1 3 22 292 725 268
1 3 268 725 294 23
1 3 23 294 728 273
1 3 273 728 296 24
1 3 24 296 731 278
1 3 278 731 298 25
1 3 25 298 734 283
1 3 283 734 300 26
1 3 26 300 737 288
1 3 288 737 302 27
6 3 580 149 581 1021
6 3 1021 581 154 582
6 3 149 585 1025 581
6 3 585 150 586 1025
6 3 1025 586 155 587
6 3 581 1025 587 154
6 3 150 590 1029 586
6 3 590 151 591 1029
6 3 1029 591 156 592
6 3 586 1029 592 155
6 3 151 595 1033 591
6 3 595 152 596 1033
6 3 1033 596 157 597
6 3 591 1033 597 156
6 3 152 600 1037 596
6 3 600 153 601 1037
6 3 1037 601 158 602
6 3 596 1037 602 157
6 3 582 154 605 1040
6 3 1040 605 159 606
6 3 154 587 1043 605
6 3 587 155 608 1043
6 3 1043 608 160 609
6 3 605 1043 609 159
6 3 155 592 1046 608
6 3 592 156 611 1046
6 3 1046 611 161 612
6 3 608 1046 612 160
6 3 156 597 1049 611
6 3 597 157 614 1049
6 3 1049 614 162 615
6 3 611 1049 615 161
6 3 157 602 1052 614
6 3 602 158 617 1052
6 3 1052 617 163 618
6 3 614 1052 618 162
6 3 159 609 1055 620
6 3 609 160 621 1055
6 3 160 612 1058 621
6 3 612 161 623 1058
6 3 1058 623 165 624
6 3 621 1058 624 164
6 3 161 615 1061 623
6 3 615 162 626 1061
6 3 1061 626 166 627
6 3 623 1061 627 165
6 3 162 618 1064 626
6 3 618 163 629 1064
6 3 1064 629 167 630
6 3 626 1064 630 166
3 3 6 217 664 222
3 3 217 13 223 664
3 3 664 223 41 220
3 3 222 664 220 34
3 3 13 254 692 223
3 3 254 20 258 692
3 3 692 258 48 256
3 3 223 692 256 41
3 3 20 287 719 258
3 3 287 27 291 719
3 3 719 291 55 289
3 3 258 719 289 48
3 3 27 302 738 291
3 3 291 738 303 55
3 3 34 220 765 337
3 3 220 41 338 765
3 3 765 338 69 335
3 3 337 765 335 62
3 3 41 256 786 338
3 3 256 48 359 786
3 3 786 359 76 357
3 3 338 786 357 69
3 3 48 289 806 359
3 3 289 55 379 806
3 3 806 379 83 377
3 3 359 806 377 76
3 3 55 303 819 379
3 3 379 819 385 83
3 3 62 335 846 419
3 3 335 69 420 846
3 3 846 420 97 417
3 3 419 846 417 90
3 3 69 357 867 420
3 3 357 76 441 867
3 3 867 441 104 439
3 3 420 867 439 97
3 3 76 377 887 441
3 3 377 83 461 887
3 3 887 461 110 459
3 3 441 887 459 104
3 3 83 385 900 461
3 3 461 900 467 110
3 3 90 417 925 495
3 3 417 97 496 925
3 3 925 496 120 493
3 3 495 925 493 115
3 3 97 439 944 496
3 3 439 104 513 944
3 3 944 513 125 511
3 3 496 944 511 120
3 3 104 459 962 513
3 3 459 110 527 962
3 3 962 527 129 525
3 3 513 962 525 125
3 3 110 467 970 527
3 3 115 493 988 551
3 3 493 120 552 988
3 3 988 552 139 549
3 3 551 988 549 134
3 3 120 511 1003 552
3 3 511 125 567 1003
3 3 1003 567 144 565
3 3 552 1003 565 139
3 3 125 525 1015 567
3 3 525 129 579 1015
3 3 1015 579 148 577
3 3 567 1015 577 144
3 3 134 549 1035 603
3 3 549 139 604 1035
3 3 1035 604 158 601
3 3 603 1035 601 153
3 3 139 565 1050 604
3 3 565 144 619 1050
3 3 1050 619 163 617
3 3 604 1050 617 158
3 3 144 577 1062 619
3 3 577 148 631 1062
3 3 1062 631 167 629
3 3 619 1062 629 163
2 3 168 0 174 633
2 3 633 174 28 171
2 3 171 28 307 740
2 3 740 307 56 304
2 3 304 56 389 821
2 3 821 389 84 386
2 3 386 84 468 902
2 3 0 176 638 174
2 3 176 1 182 638
2 3 638 182 29 179
2 3 174 638 179 28
2 3 28 179 744 307
2 3 179 29 312 744
2 3 744 312 57 309
2 3 307 744 309 56
2 3 56 309 825 389
2 3 309 57 394 825
2 3 825 394 85 391
2 3 389 825 391 84
2 3 84 391 905 468
2 3 391 85 470 905
2 3 1 184 643 182
2 3 184 2 190 643
2 3 643 190 30 187
2 3 182 643 187 29
2 3 29 187 748 312
2 3 187 30 317 748
2 3 748 317 58 314
2 3 312 748 314 57
2 3 57 314 829 394
2 3 314 58 399 829
2 3 829 399 86 396
2 3 394 829 396 85
2 3 85 396 908 470
2 3 396 86 475 908
2 3 908 475 111 472
2 3 472 111 531 971
2 3 971 531 130 528
2 3 528 130 583 1018
2 3 1018 583 149 580
2 3 2 192 648 190
2 3 192 3 198 648
2 3 648 198 31 195
2 3 190 648 195 30
2 3 30 195 752 317
2 3 195 31 322 752
2 3 752 322 59 319
2 3 317 752 319 58
2 3 58 319 833 399
2 3 319 59 404 833
2 3 833 404 87 401
2 3 399 833 401 86
2 3 86 401 912 475
2 3 401 87 480 912
2 3 912 480 112 477
2 3 475 912 477 111
2 3 111 477 975 531
2 3 477 112 536 975
2 3 975 536 131 533
2 3 531 975 533 130
2 3 130 533 1022 583
2 3 533 131 588 1022
2 3 1022 588 150 585
2 3 583 1022 585 149
2 3 3 200 653 198
2 3 200 4 206 653
2 3 653 206 32 203
2 3 198 653 203 31
2 3 31 203 756 322
2 3 203 32 327 756
2 3 756 327 60 324
2 3 322 756 324 59
2 3 59 324 837 404
2 3 324 60 409 837
2 3 837 409 88 406
2 3 404 837 406 87
2 3 87 406 916 480
2 3 406 88 485 916
2 3 916 485 113 482
2 3 480 916 482 112
2 3 112 482 979 536
2 3 482 113 541 979
2 3 979 541 132 538
2 3 536 979 538 131
2 3 131 538 1026 588
2 3 538 132 593 1026
2 3 1026 593 151 590
2 3 588 1026 590 150
2 3 4 208 658 206
2 3 208 5 214 658
2 3 658 214 33 211
2 3 206 658 211 32
2 3 32 211 760 327
2 3 211 33 332 760
2 3 760 332 61 329
2 3 327 760 329 60
2 3 60 329 841 409
2 3 329 61 414 841
2 3 841 414 89 411
2 3 409 841 411 88
2 3 88 411 920 485
2 3 411 89 490 920
2 3 920 490 114 487
2 3 485 920 487 113
2 3 113 487 983 541
2 3 487 114 546 983
2 3 983 546 133 543
2 3 541 983 543 132
2 3 132 543 1030 593
2 3 543 133 598 1030
2 3 1030 598 152 595
2 3 593 1030 595 151
2 3 5 216 663 214
2 3 216 6 222 663
2 3 663 222 34 219
2 3 214 663 219 33
2 3 33 219 764 332
2 3 219 34 337 764
2 3 764 337 62 334
2 3 332 764 334 61
2 3 61 334 845 414
2 3 334 62 419 845
2 3 845 419 90 416
2 3 414 845 416 89
2 3 89 416 924 490
2 3 416 90 495 924
2 3 924 495 115 492
2 3 490 924 492 114
2 3 114 492 987 546
2 3 492 115 551 987
2 3 987 551 134 548
2 3 546 987 548 133
2 3 133 548 1034 598
2 3 548 134 603 1034
2 3 1034 603 153 600
2 3 598 1034 600 152

vertices
1202

nodes
FiniteElementSpace
FiniteElementCollection: H1_3D_P1
VDim: 3
Ordering: 1

6.666666666666667 0 0
7.777777777777779 0 0
8.888888888888889 0 0
10 0 0
11.11111111111111 0 0
12.22222222222222 0 0
13.33333333333333 0 0
6.666666666666667 0.8333333333333333 0
7.777777777777779 0.8333333333333333 0
8.888888888888889 0.8333333333333333 0
10 0.8333333333333333 0
11.11111111111111 0.8333333333333333 0
12.22222222222222 0.8333333333333333 0
13.33333333333333 0.8333333333333333 0
6.666666666666667 1.666666666666667 0
7.777777777777779 1.666666666666667 0
8.888888888888889 1.666666666666667 0
10 1.666666666666667 0
11.11111111111111 1.666666666666667 0
12.22222222222222 1.666666666666667 0
13.33333333333333 1.666666666666667 0
6.666666666666667 2.5 0
7.777777777777779 2.5 0
8.888888888888889 2.5 0
10 2.5 0
11.11111111111111 2.5 0
12.22222222222222 2.5 0
13.33333333333333 2.5 0
6.666666666666667 0 0.8333333333333333
7.777777777777779 0 0.8333333333333333
8.888888888888889 0 0.8333333333333333
