MFEM mesh v1.2

#
# MFEM Geometry Types (see mesh/geom.hpp):
#
# POINT       = 0
# SEGMENT     = 1
# TRIANGLE    = 2
# SQUARE      = 3
# TETRAHEDRON = 4
# CUBE        = 5
# PRISM       = 6
# PYRAMID     = 7
#

dimension
3

elements
849
1 5 0 167 624 170 175 625 1043 628
1 5 167 1 168 624 625 176 626 1043
1 5 624 168 7 169 1043 626 177 627
1 5 170 624 169 6 628 1043 627 178
1 5 175 625 1043 628 25 171 629 174
1 5 625 176 626 1043 171 26 172 629
1 5 1043 626 177 627 629 172 32 173
1 5 628 1043 627 178 174 629 173 31
1 5 1 179 630 168 176 631 1044 626
1 5 179 2 180 630 631 185 632 1044
1 5 630 180 8 181 1044 632 186 633
1 5 168 630 181 7 626 1044 633 177
1 5 176 631 1044 626 26 182 634 172
1 5 631 185 632 1044 182 27 183 634
1 5 1044 632 186 633 634 183 33 184
1 5 626 1044 633 177 172 634 184 32
1 5 2 187 635 180 185 636 1045 632
1 5 187 3 188 635 636 193 637 1045
1 5 635 188 9 189 1045 637 194 638
1 5 180 635 189 8 632 1045 638 186
1 5 185 636 1045 632 27 190 639 183
1 5 636 193 637 1045 190 28 191 639
1 5 1045 637 194 638 639 191 34 192
1 5 632 1045 638 186 183 639 192 33
1 5 3 195 640 188 193 641 1046 637
1 5 195 4 196 640 641 201 642 1046
1 5 640 196 10 197 1046 642 202 643
1 5 188 640 197 9 637 1046 643 194
1 5 193 641 1046 637 28 198 644 191
1 5 641 201 642 1046 198 29 199 644
1 5 1046 642 202 643 644 199 35 200
1 5 637 1046 643 194 191 644 200 34
1 5 4 203 645 196 201 646 1047 642
1 5 203 5 204 645 646 209 647 1047
1 5 645 204 11 205 1047 647 210 648
1 5 196 645 205 10 642 1047 648 202
1 5 201 646 1047 642 29 206 649 199
1 5 646 209 647 1047 206 30 207 649
1 5 1047 647 210 648 649 207 36 208
1 5 642 1047 648 202 199 649 208 35
1 5 5 211 650 204 209 651 1048 647
1 5 204 650 212 11 647 1048 652 210
1 5 209 651 1048 647 30 213 653 207
1 5 647 1048 652 210 207 653 214 36
1 5 6 169 654 217 178 627 1049 657
1 5 169 7 215 654 627 177 655 1049
1 5 654 215 13 216 1049 655 221 656
1 5 217 654 216 12 657 1049 656 222
1 5 178 627 1049 657 31 173 658 220
1 5 627 177 655 1049 173 32 218 658
1 5 1049 655 221 656 658 218 38 219
1 5 657 1049 656 222 220 658 219 37
1 5 7 181 659 215 177 633 1050 655
1 5 181 8 223 659 633 186 660 1050
1 5 659 223 14 224 1050 660 227 661
1 5 215 659 224 13 655 1050 661 221
1 5 177 633 1050 655 32 184 662 218
1 5 633 186 660 1050 184 33 225 662
1 5 1050 660 227 661 662 225 39 226
1 5 655 1050 661 221 218 662 226 38
1 5 8 189 663 223 186 638 1051 660
1 5 189 9 228 663 638 194 664 1051
1 5 663 228 15 229 1051 664 232 665
1 5 223 663 229 14 660 1051 665 227
1 5 186 638 1051 660 33 192 666 225
1 5 638 194 664 1051 192 34 230 666
1 5 1051 664 232 665 666 230 40 231
1 5 660 1051 665 227 225 666 231 39
1 5 9 197 667 228 194 643 1052 664
1 5 197 10 233 667 643 202 668 1052
1 5 667 233 16 234 1052 668 237 669
1 5 228 667 234 15 664 1052 669 232
1 5 194 643 1052 664 34 200 670 230
1 5 643 202 668 1052 200 35 235 670
1 5 1052 668 237 669 670 235 41 236
1 5 664 1052 669 232 230 670 236 40
1 5 10 205 671 233 202 648 1053 668
1 5 205 11 238 671 648 210 672 1053
1 5 671 238 17 239 1053 672 242 673
1 5 233 671 239 16 668 1053 673 237
1 5 202 648 1053 668 35 208 674 235
1 5 648 210 672 1053 208 36 240 674
1 5 1053 672 242 673 674 240 42 241
1 5 668 1053 673 237 235 674 241 41
1 5 11 212 675 238 210 652 1054 672
1 5 238 675 243 17 672 1054 676 242
1 5 210 652 1054 672 36 214 677 240
1 5 672 1054 676 242 240 677 244 42
1 5 12 216 678 247 222 656 1055 681
1 5 216 13 245 678 656 221 679 1055
1 5 678 245 19 246 1055 679 251 680
1 5 247 678 246 18 681 1055 680 252
1 5 222 656 1055 681 37 219 682 250
1 5 656 221 679 1055 219 38 248 682
1 5 1055 679 251 680 682 248 44 249
1 5 681 1055 680 252 250 682 249 43
1 5 13 224 683 245 221 661 1056 679
1 5 224 14 253 683 661 227 684 1056
1 5 683 253 20 254 1056 684 257 685
1 5 245 683 254 19 679 1056 685 251
1 5 221 661 1056 679 38 226 686 248
1 5 661 227 684 1056 226 39 255 686
1 5 1056 684 257 685 686 255 45 256
1 5 679 1056 685 251 248 686 256 44
1 5 14 229 687 253 227 665 1057 684
1 5 229 15 258 687 665 232 688 1057
1 5 687 258 21 259 1057 688 262 689
1 5 253 687 259 20 684 1057 689 257
1 5 227 665 1057 684 39 231 690 255
1 5 665 232 688 1057 231 40 260 690
1 5 1057 688 262 689 690 260 46 261
1 5 684 1057 689 257 255 690 261 45
1 5 15 234 691 258 232 669 1058 688
1 5 234 16 263 691 669 237 692 1058
1 5 691 263 22 264 1058 692 267 693
1 5 258 691 264 21 688 1058 693 262
1 5 232 669 1058 688 40 236 694 260
1 5 669 237 692 1058 236 41 265 694
1 5 1058 692 267 693 694 265 47 266
1 5 688 1058 693 262 260 694 266 46
1 5 16 239 695 263 237 673 1059 692
1 5 239 17 268 695 673 242 696 1059
1 5 263 695 269 22 692 1059 697 267
1 5 237 673 1059 692 41 241 698 265
1 5 673 242 696 1059 241 42 270 698
1 5 692 1059 697 267 265 698 271 47
1 5 17 243 699 268 242 676 1060 696
1 5 242 676 1060 696 42 244 700 270
1 5 18 246 701 274 252 680 1061 704
1 5 246 19 272 701 680 251 702 1061
1 5 701 272 24 273 1061 702 278 703
1 5 274 701 273 23 704 1061 703 279
1 5 252 680 1061 704 43 249 705 277
1 5 680 251 702 1061 249 44 275 705
1 5 1061 702 278 703 705 275 49 276
1 5 704 1061 703 279 277 705 276 48
1 5 19 254 706 272 251 685 1062 702
1 5 254 20 280 706 685 257 707 1062
1 5 272 706 281 24 702 1062 708 278
1 5 251 685 1062 702 44 256 709 275
1 5 685 257 707 1062 256 45 282 709
1 5 702 1062 708 278 275 709 283 49
1 5 20 259 710 280 257 689 1063 707
1 5 259 21 284 710 689 262 711 1063
1 5 257 689 1063 707 45 261 712 282
1 5 689 262 711 1063 261 46 285 712
1 5 21 264 713 284 262 693 1064 711
1 5 262 693 1064 711 46 266 714 285
1 5 25 171 629 174 290 715 1065 718
1 5 171 26 172 629 715 291 716 1065
1 5 629 172 32 173 1065 716 292 717
1 5 174 629 173 31 718 1065 717 293
1 5 290 715 1065 718 50 286 719 289
1 5 715 291 716 1065 286 51 287 719
1 5 1065 716 292 717 719 287 57 288
1 5 718 1065 717 293 289 719 288 56
1 5 26 182 634 172 291 720 1066 716
1 5 182 27 183 634 720 297 721 1066
1 5 634 183 33 184 1066 721 298 722
1 5 172 634 184 32 716 1066 722 292
1 5 291 720 1066 716 51 294 723 287
1 5 720 297 721 1066 294 52 295 723
1 5 1066 721 298 722 723 295 58 296
1 5 716 1066 722 292 287 723 296 57
1 5 27 190 639 183 297 724 1067 721
1 5 190 28 191 639 724 302 725 1067
1 5 639 191 34 192 1067 725 303 726
1 5 183 639 192 33 721 1067 726 298
1 5 297 724 1067 721 52 299 727 295
1 5 724 302 725 1067 299 53 300 727
1 5 1067 725 303 726 727 300 59 301
1 5 721 1067 726 298 295 727 301 58
1 5 28 198 644 191 302 728 1068 725
1 5 198 29 199 644 728 307 729 1068
1 5 644 199 35 200 1068 729 308 730
1 5 191 644 200 34 725 1068 730 303
1 5 302 728 1068 725 53 304 731 300
1 5 728 307 729 1068 304 54 305 731
1 5 1068 729 308 730 731 305 60 306
1 5 725 1068 730 303 300 731 306 59
1 5 29 206 649 199 307 732 1069 729
1 5 206 30 207 649 732 312 733 1069
1 5 649 207 36 208 1069 733 313 734
1 5 199 649 208 35 729 1069 734 308
1 5 307 732 1069 729 54 309 735 305
1 5 732 312 733 1069 309 55 310 735
1 5 1069 733 313 734 735 310 61 311
1 5 729 1069 734 308 305 735 311 60
1 5 30 213 653 207 312 736 1070 733
1 5 207 653 214 36 733 1070 737 313
1 5 312 736 1070 733 55 314 738 310
1 5 733 1070 737 313 310 738 315 61
1 5 31 173 658 220 293 717 1071 741
1 5 173 32 218 658 717 292 739 1071
1 5 658 218 38 219 1071 739 319 740
1 5 220 658 219 37 741 1071 740 320
1 5 293 717 1071 741 56 288 742 318
1 5 717 292 739 1071 288 57 316 742
1 5 1071 739 319 740 742 316 63 317
1 5 741 1071 740 320 318 742 317 62
1 5 32 184 662 218 292 722 1072 739
1 5 184 33 225 662 722 298 743 1072
1 5 662 225 39 226 1072 743 323 744
1 5 218 662 226 38 739 1072 744 319
1 5 292 722 1072 739 57 296 745 316
1 5 722 298 743 1072 296 58 321 745
1 5 1072 743 323 744 745 321 64 322
1 5 739 1072 744 319 316 745 322 63
1 5 33 192 666 225 298 726 1073 743
1 5 192 34 230 666 726 303 746 1073
1 5 666 230 40 231 1073 746 326 747
1 5 225 666 231 39 743 1073 747 323
1 5 298 726 1073 743 58 301 748 321
1 5 726 303 746 1073 301 59 324 748
1 5 1073 746 326 747 748 324 65 325
1 5 743 1073 747 323 321 748 325 64
1 5 34 200 670 230 303 730 1074 746
1 5 200 35 235 670 730 308 749 1074
1 5 670 235 41 236 1074 749 329 750
1 5 230 670 236 40 746 1074 750 326
1 5 303 730 1074 746 59 306 751 324
1 5 730 308 749 1074 306 60 327 751
1 5 1074 749 329 750 751 327 66 328
1 5 746 1074 750 326 324 751 328 65
1 5 35 208 674 235 308 734 1075 749
1 5 208 36 240 674 734 313 752 1075
1 5 674 240 42 241 1075 752 332 753
1 5 235 674 241 41 749 1075 753 329
1 5 308 734 1075 749 60 311 754 327
1 5 734 313 752 1075 311 61 330 754
1 5 1075 752 332 753 754 330 67 331
1 5 749 1075 753 329 327 754 331 66
1 5 36 214 677 240 313 737 1076 752
1 5 240 677 244 42 752 1076 755 332
1 5 313 737 1076 752 61 315 756 330
1 5 752 1076 755 332 330 756 333 67
1 5 37 219 682 250 320 740 1077 759
1 5 219 38 248 682 740 319 757 1077
1 5 682 248 44 249 1077 757 337 758
1 5 250 682 249 43 759 1077 758 338
1 5 320 740 1077 759 62 317 760 336
1 5 740 319 757 1077 317 63 334 760
1 5 1077 757 337 758 760 334 69 335
1 5 759 1077 758 338 336 760 335 68
1 5 38 226 686 248 319 744 1078 757
1 5 226 39 255 686 744 323 761 1078
1 5 686 255 45 256 1078 761 341 762
1 5 248 686 256 44 757 1078 762 337
1 5 319 744 1078 757 63 322 763 334
1 5 744 323 761 1078 322 64 339 763
1 5 1078 761 341 762 763 339 70 340
1 5 757 1078 762 337 334 763 340 69
1 5 39 231 690 255 323 747 1079 761
1 5 231 40 260 690 747 326 764 1079
1 5 690 260 46 261 1079 764 344 765
1 5 255 690 261 45 761 1079 765 341
1 5 323 747 1079 761 64 325 766 339
1 5 747 326 764 1079 325 65 342 766
1 5 1079 764 344 765 766 342 71 343
1 5 761 1079 765 341 339 766 343 70
1 5 40 236 694 260 326 750 1080 764
1 5 236 41 265 694 750 329 767 1080
1 5 694 265 47 266 1080 767 347 768
1 5 260 694 266 46 764 1080 768 344
1 5 326 750 1080 764 65 328 769 342
1 5 750 329 767 1080 328 66 345 769
1 5 1080 767 347 768 769 345 72 346
1 5 764 1080 768 344 342 769 346 71
1 5 41 241 698 265 329 753 1081 767
1 5 241 42 270 698 753 332 770 1081
1 5 265 698 271 47 767 1081 771 347
1 5 329 753 1081 767 66 331 772 345
1 5 753 332 770 1081 331 67 348 772
1 5 767 1081 771 347 345 772 349 72
1 5 42 244 700 270 332 755 1082 770
1 5 332 755 1082 770 67 333 773 348
1 5 43 249 705 277 338 758 1083 776
1 5 249 44 275 705 758 337 774 1083
1 5 705 275 49 276 1083 774 353 775
1 5 277 705 276 48 776 1083 775 354
1 5 338 758 1083 776 68 335 777 352
1 5 758 337 774 1083 335 69 350 777
1 5 1083 774 353 775 777 350 74 351
1 5 776 1083 775 354 352 777 351 73
1 5 44 256 709 275 337 762 1084 774
1 5 256 45 282 709 762 341 778 1084
1 5 275 709 283 49 774 1084 779 353
1 5 337 762 1084 774 69 340 780 350
1 5 762 341 778 1084 340 70 355 780
1 5 774 1084 779 353 350 780 356 74
1 5 45 261 712 282 341 765 1085 778
1 5 261 46 285 712 765 344 781 1085
1 5 341 765 1085 778 70 343 782 355
1 5 765 344 781 1085 343 71 357 782
1 5 46 266 714 285 344 768 1086 781
1 5 344 768 1086 781 71 346 783 357
1 5 50 286 719 289 362 784 1087 787
1 5 286 51 287 719 784 363 785 1087
1 5 719 287 57 288 1087 785 364 786
1 5 289 719 288 56 787 1087 786 365
1 5 362 784 1087 787 75 358 788 361
1 5 784 363 785 1087 358 76 359 788
1 5 1087 785 364 786 788 359 82 360
1 5 787 1087 786 365 361 788 360 81
1 5 51 294 723 287 363 789 1088 785
1 5 294 52 295 723 789 369 790 1088
1 5 723 295 58 296 1088 790 370 791
1 5 287 723 296 57 785 1088 791 364
1 5 363 789 1088 785 76 366 792 359
1 5 789 369 790 1088 366 77 367 792
1 5 1088 790 370 791 792 367 83 368
1 5 785 1088 791 364 359 792 368 82
1 5 52 299 727 295 369 793 1089 790
1 5 299 53 300 727 793 374 794 1089
1 5 727 300 59 301 1089 794 375 795
1 5 295 727 301 58 790 1089 795 370
1 5 369 793 1089 790 77 371 796 367
1 5 793 374 794 1089 371 78 372 796
1 5 1089 794 375 795 796 372 84 373
1 5 790 1089 795 370 367 796 373 83
1 5 53 304 731 300 374 797 1090 794
1 5 304 54 305 731 797 379 798 1090
1 5 731 305 60 306 1090 798 380 799
1 5 300 731 306 59 794 1090 799 375
1 5 374 797 1090 794 78 376 800 372
1 5 797 379 798 1090 376 79 377 800
1 5 1090 798 380 799 800 377 85 378
1 5 794 1090 799 375 372 800 378 84
1 5 54 309 735 305 379 801 1091 798
1 5 309 55 310 735 801 384 802 1091
1 5 735 310 61 311 1091 802 385 803
1 5 305 735 311 60 798 1091 803 380
1 5 379 801 1091 798 79 381 804 377
1 5 801 384 802 1091 381 80 382 804
1 5 1091 802 385 803 804 382 86 383
1 5 798 1091 803 380 377 804 383 85
1 5 55 314 738 310 384 805 1092 802
1 5 310 738 315 61 802 1092 806 385
1 5 384 805 1092 802 80 386 807 382
1 5 802 1092 806 385 382 807 387 86
1 5 56 288 742 318 365 786 1093 810
1 5 288 57 316 742 786 364 808 1093
1 5 742 316 63 317 1093 808 391 809
1 5 318 742 317 62 810 1093 809 392
1 5 365 786 1093 810 81 360 811 390
1 5 786 364 808 1093 360 82 388 811
1 5 1093 808 391 809 811 388 88 389
1 5 810 1093 809 392 390 811 389 87
1 5 57 296 745 316 364 791 1094 808
1 5 296 58 321 745 791 370 812 1094
1 5 745 321 64 322 1094 812 395 813
1 5 316 745 322 63 808 1094 813 391
1 5 364 791 1094 808 82 368 814 388
1 5 791 370 812 1094 368 83 393 814
1 5 1094 812 395 813 814 393 89 394
1 5 808 1094 813 391 388 814 394 88
1 5 58 301 748 321 370 795 1095 812
1 5 301 59 324 748 795 375 815 1095
1 5 748 324 65 325 1095 815 398 816
1 5 321 748 325 64 812 1095 816 395
1 5 370 795 1095 812 83 373 817 393
1 5 795 375 815 1095 373 84 396 817
1 5 1095 815 398 816 817 396 90 397
1 5 812 1095 816 395 393 817 397 89
1 5 59 306 751 324 375 799 1096 815
1 5 306 60 327 751 799 380 818 1096
1 5 751 327 66 328 1096 818 401 819
1 5 324 751 328 65 815 1096 819 398
1 5 375 799 1096 815 84 378 820 396
1 5 799 380 818 1096 378 85 399 820
1 5 1096 818 401 819 820 399 91 400
1 5 815 1096 819 398 396 820 400 90
1 5 60 311 754 327 380 803 1097 818
1 5 311 61 330 754 803 385 821 1097
1 5 754 330 67 331 1097 821 404 822
1 5 327 754 331 66 818 1097 822 401
1 5 380 803 1097 818 85 383 823 399
1 5 803 385 821 1097 383 86 402 823
1 5 1097 821 404 822 823 402 92 403
1 5 818 1097 822 401 399 823 403 91
1 5 61 315 756 330 385 806 1098 821
1 5 330 756 333 67 821 1098 824 404
1 5 385 806 1098 821 86 387 825 402
1 5 821 1098 824 404 402 825 405 92
1 5 62 317 760 336 392 809 1099 828
1 5 317 63 334 760 809 391 826 1099
1 5 760 334 69 335 1099 826 409 827
1 5 336 760 335 68 828 1099 827 410
1 5 392 809 1099 828 87 389 829 408
1 5 809 391 826 1099 389 88 406 829
1 5 1099 826 409 827 829 406 94 407
1 5 828 1099 827 410 408 829 407 93
1 5 63 322 763 334 391 813 1100 826
1 5 322 64 339 763 813 395 830 1100
1 5 763 339 70 340 1100 830 413 831
1 5 334 763 340 69 826 1100 831 409
1 5 391 813 1100 826 88 394 832 406
1 5 813 395 830 1100 394 89 411 832
1 5 1100 830 413 831 832 411 95 412
1 5 826 1100 831 409 406 832 412 94
1 5 64 325 766 339 395 816 1101 830
1 5 325 65 342 766 816 398 833 1101
1 5 766 342 71 343 1101 833 416 834
1 5 339 766 343 70 830 1101 834 413
1 5 395 816 1101 830 89 397 835 411
1 5 816 398 833 1101 397 90 414 835
1 5 1101 833 416 834 835 414 96 415
1 5 830 1101 834 413 411 835 415 95
1 5 65 328 769 342 398 819 1102 833
1 5 328 66 345 769 819 401 836 1102
1 5 769 345 72 346 1102 836 419 837
1 5 342 769 346 71 833 1102 837 416
1 5 398 819 1102 833 90 400 838 414
1 5 819 401 836 1102 400 91 417 838
1 5 1102 836 419 837 838 417 97 418
1 5 833 1102 837 416 414 838 418 96
1 5 66 331 772 345 401 822 1103 836
1 5 331 67 348 772 822 404 839 1103
1 5 345 772 349 72 836 1103 840 419
1 5 401 822 1103 836 91 403 841 417
1 5 822 404 839 1103 403 92 420 841
1 5 836 1103 840 419 417 841 421 97
1 5 67 333 773 348 404 824 1104 839
1 5 404 824 1104 839 92 405 842 420
1 5 68 335 777 352 410 827 1105 844
1 5 335 69 350 777 827 409 843 1105
1 5 410 827 1105 844 93 407 845 423
1 5 827 409 843 1105 407 94 422 845
1 5 69 340 780 350 409 831 1106 843
1 5 340 70 355 780 831 413 846 1106
1 5 409 831 1106 843 94 412 847 422
1 5 831 413 846 1106 412 95 424 847
1 5 70 343 782 355 413 834 1107 846
1 5 343 71 357 782 834 416 848 1107
1 5 413 834 1107 846 95 415 849 424
1 5 834 416 848 1107 415 96 425 849
1 5 71 346 783 357 416 837 1108 848
1 5 416 837 1108 848 96 418 850 425
1 5 75 358 788 361 430 851 1109 854
1 5 358 76 359 788 851 431 852 1109
1 5 788 359 82 360 1109 852 432 853
1 5 361 788 360 81 854 1109 853 433
1 5 430 851 1109 854 98 426 855 429
1 5 851 431 852 1109 426 99 427 855
1 5 1109 852 432 853 855 427 105 428
1 5 854 1109 853 433 429 855 428 104
1 5 76 366 792 359 431 856 1110 852
1 5 366 77 367 792 856 437 857 1110
1 5 792 367 83 368 1110 857 438 858
1 5 359 792 368 82 852 1110 858 432
1 5 431 856 1110 852 99 434 859 427
1 5 856 437 857 1110 434 100 435 859
1 5 1110 857 438 858 859 435 106 436
1 5 852 1110 858 432 427 859 436 105
1 5 77 371 796 367 437 860 1111 857
1 5 371 78 372 796 860 442 861 1111
1 5 796 372 84 373 1111 861 443 862
1 5 367 796 373 83 857 1111 862 438
1 5 437 860 1111 857 100 439 863 435
1 5 860 442 861 1111 439 101 440 863
1 5 1111 861 443 862 863 440 107 441
1 5 857 1111 862 438 435 863 441 106
1 5 78 376 800 372 442 864 1112 861
1 5 376 79 377 800 864 447 865 1112
1 5 800 377 85 378 1112 865 448 866
1 5 372 800 378 84 861 1112 866 443
1 5 442 864 1112 861 101 444 867 440
1 5 864 447 865 1112 444 102 445 867
1 5 1112 865 448 866 867 445 108 446
1 5 861 1112 866 443 440 867 446 107
1 5 79 381 804 377 447 868 1113 865
1 5 381 80 382 804 868 452 869 1113
1 5 804 382 86 383 1113 869 453 870
1 5 377 804 383 85 865 1113 870 448
1 5 447 868 1113 865 102 449 871 445
1 5 868 452 869 1113 449 103 450 871
1 5 1113 869 453 870 871 450 109 451
1 5 865 1113 870 448 445 871 451 108
1 5 80 386 807 382 452 872 1114 869
1 5 382 807 387 86 869 1114 873 453
1 5 452 872 1114 869 103 454 874 450
1 5 869 1114 873 453 450 874 455 109
1 5 81 360 811 390 433 853 1115 877
1 5 360 82 388 811 853 432 875 1115
1 5 811 388 88 389 1115 875 459 876
1 5 390 811 389 87 877 1115 876 460
1 5 433 853 1115 877 104 428 878 458
1 5 853 432 875 1115 428 105 456 878
1 5 1115 875 459 876 878 456 111 457
1 5 877 1115 876 460 458 878 457 110
1 5 82 368 814 388 432 858 1116 875
1 5 368 83 393 814 858 438 879 1116
1 5 814 393 89 394 1116 879 463 880
1 5 388 814 394 88 875 1116 880 459
1 5 432 858 1116 875 105 436 881 456
1 5 858 438 879 1116 436 106 461 881
1 5 1116 879 463 880 881 461 112 462
1 5 875 1116 880 459 456 881 462 111
1 5 83 373 817 393 438 862 1117 879
1 5 373 84 396 817 862 443 882 1117
1 5 817 396 90 397 1117 882 466 883
1 5 393 817 397 89 879 1117 883 463
1 5 438 862 1117 879 106 441 884 461
1 5 862 443 882 1117 441 107 464 884
1 5 1117 882 466 883 884 464 113 465
1 5 879 1117 883 463 461 884 465 112
1 5 84 378 820 396 443 866 1118 882
1 5 378 85 399 820 866 448 885 1118
1 5 820 399 91 400 1118 885 469 886
1 5 396 820 400 90 882 1118 886 466
1 5 443 866 1118 882 107 446 887 464
1 5 866 448 885 1118 446 108 467 887
1 5 1118 885 469 886 887 467 114 468
1 5 882 1118 886 466 464 887 468 113
1 5 85 383 823 399 448 870 1119 885
1 5 383 86 402 823 870 453 888 1119
1 5 823 402 92 403 1119 888 472 889
1 5 399 823 403 91 885 1119 889 469
1 5 448 870 1119 885 108 451 890 467
1 5 870 453 888 1119 451 109 470 890
1 5 1119 888 472 889 890 470 115 471
1 5 885 1119 889 469 467 890 471 114
1 5 86 387 825 402 453 873 1120 888
1 5 402 825 405 92 888 1120 891 472
1 5 453 873 1120 888 109 455 892 470
1 5 888 1120 891 472 470 892 473 115
1 5 87 389 829 408 460 876 1121 895
1 5 389 88 406 829 876 459 893 1121
1 5 829 406 94 407 1121 893 477 894
1 5 408 829 407 93 895 1121 894 478
1 5 460 876 1121 895 110 457 896 476
1 5 876 459 893 1121 457 111 474 896
1 5 1121 893 477 894 896 474 117 475
1 5 895 1121 894 478 476 896 475 116
1 5 88 394 832 406 459 880 1122 893
1 5 394 89 411 832 880 463 897 1122
1 5 832 411 95 412 1122 897 481 898
1 5 406 832 412 94 893 1122 898 477
1 5 459 880 1122 893 111 462 899 474
1 5 880 463 897 1122 462 112 479 899
1 5 1122 897 481 898 899 479 118 480
1 5 893 1122 898 477 474 899 480 117
1 5 89 397 835 411 463 883 1123 897
1 5 397 90 414 835 883 466 900 1123
1 5 835 414 96 415 1123 900 484 901
1 5 411 835 415 95 897 1123 901 481
1 5 463 883 1123 897 112 465 902 479
1 5 883 466 900 1123 465 113 482 902
1 5 1123 900 484 901 902 482 119 483
1 5 897 1123 901 481 479 902 483 118
1 5 90 400 838 414 466 886 1124 900
1 5 400 91 417 838 886 469 903 1124
1 5 838 417 97 418 1124 903 487 904
1 5 414 838 418 96 900 1124 904 484
1 5 466 886 1124 900 113 468 905 482
1 5 886 469 903 1124 468 114 485 905
1 5 1124 903 487 904 905 485 120 486
1 5 900 1124 904 484 482 905 486 119
1 5 91 403 841 417 469 889 1125 903
1 5 403 92 420 841 889 472 906 1125
1 5 417 841 421 97 903 1125 907 487
1 5 469 889 1125 903 114 471 908 485
1 5 889 472 906 1125 471 115 488 908
1 5 903 1125 907 487 485 908 489 120
1 5 92 405 842 420 472 891 1126 906
1 5 472 891 1126 906 115 473 909 488
1 5 93 407 845 423 478 894 1127 911
1 5 407 94 422 845 894 477 910 1127
1 5 478 894 1127 911 116 475 912 491
1 5 894 477 910 1127 475 117 490 912
1 5 94 412 847 422 477 898 1128 910
1 5 412 95 424 847 898 481 913 1128
1 5 477 898 1128 910 117 480 914 490
1 5 898 481 913 1128 480 118 492 914
1 5 95 415 849 424 481 901 1129 913
1 5 415 96 425 849 901 484 915 1129
1 5 481 901 1129 913 118 483 916 492
1 5 901 484 915 1129 483 119 493 916
1 5 96 418 850 425 484 904 1130 915
1 5 484 904 1130 915 119 486 917 493
1 5 98 426 855 429 498 918 1131 921
1 5 426 99 427 855 918 499 919 1131
1 5 855 427 105 428 1131 919 500 920
1 5 429 855 428 104 921 1131 920 501
1 5 498 918 1131 921 121 494 922 497
1 5 918 499 919 1131 494 122 495 922
1 5 1131 919 500 920 922 495 128 496
1 5 921 1131 920 501 497 922 496 127
1 5 99 434 859 427 499 923 1132 919
1 5 434 100 435 859 923 505 924 1132
1 5 859 435 106 436 1132 924 506 925
1 5 427 859 436 105 919 1132 925 500
1 5 499 923 1132 919 122 502 926 495
1 5 923 505 924 1132 502 123 503 926
1 5 1132 924 506 925 926 503 129 504
1 5 919 1132 925 500 495 926 504 128
1 5 100 439 863 435 505 927 1133 924
1 5 439 101 440 863 927 510 928 1133
1 5 863 440 107 441 1133 928 511 929
1 5 435 863 441 106 924 1133 929 506
1 5 505 927 1133 924 123 507 930 503
1 5 927 510 928 1133 507 124 508 930
1 5 1133 928 511 929 930 508 130 509
1 5 924 1133 929 506 503 930 509 129
1 5 101 444 867 440 510 931 1134 928
1 5 444 102 445 867 931 515 932 1134
1 5 867 445 108 446 1134 932 516 933
1 5 440 867 446 107 928 1134 933 511
1 5 510 931 1134 928 124 512 934 508
1 5 931 515 932 1134 512 125 513 934
1 5 1134 932 516 933 934 513 131 514
1 5 928 1134 933 511 508 934 514 130
1 5 102 449 871 445 515 935 1135 932
1 5 449 103 450 871 935 520 936 1135
1 5 871 450 109 451 1135 936 521 937
1 5 445 871 451 108 932 1135 937 516
1 5 515 935 1135 932 125 517 938 513
1 5 935 520 936 1135 517 126 518 938
1 5 1135 936 521 937 938 518 132 519
1 5 932 1135 937 516 513 938 519 131
1 5 103 454 874 450 520 939 1136 936
1 5 450 874 455 109 936 1136 940 521
1 5 104 428 878 458 501 920 1137 943
1 5 428 105 456 878 920 500 941 1137
1 5 878 456 111 457 1137 941 525 942
1 5 458 878 457 110 943 1137 942 526
1 5 501 920 1137 943 127 496 944 524
1 5 920 500 941 1137 496 128 522 944
1 5 1137 941 525 942 944 522 134 523
1 5 943 1137 942 526 524 944 523 133
1 5 105 436 881 456 500 925 1138 941
1 5 436 106 461 881 925 506 945 1138
1 5 881 461 112 462 1138 945 529 946
1 5 456 881 462 111 941 1138 946 525
1 5 500 925 1138 941 128 504 947 522
1 5 925 506 945 1138 504 129 527 947
1 5 1138 945 529 946 947 527 135 528
1 5 941 1138 946 525 522 947 528 134
1 5 106 441 884 461 506 929 1139 945
1 5 441 107 464 884 929 511 948 1139
1 5 884 464 113 465 1139 948 532 949
1 5 461 884 465 112 945 1139 949 529
1 5 506 929 1139 945 129 509 950 527
1 5 929 511 948 1139 509 130 530 950
1 5 1139 948 532 949 950 530 136 531
1 5 945 1139 949 529 527 950 531 135
1 5 107 446 887 464 511 933 1140 948
1 5 446 108 467 887 933 516 951 1140
1 5 887 467 114 468 1140 951 535 952
1 5 464 887 468 113 948 1140 952 532
1 5 511 933 1140 948 130 514 953 530
1 5 933 516 951 1140 514 131 533 953
1 5 1140 951 535 952 953 533 137 534
1 5 948 1140 952 532 530 953 534 136
1 5 108 451 890 467 516 937 1141 951
1 5 451 109 470 890 937 521 954 1141
1 5 890 470 115 471 1141 954 538 955
1 5 467 890 471 114 951 1141 955 535
1 5 516 937 1141 951 131 519 956 533
1 5 937 521 954 1141 519 132 536 956
1 5 1141 954 538 955 956 536 138 537
1 5 951 1141 955 535 533 956 537 137
1 5 109 455 892 470 521 940 1142 954
1 5 470 892 473 115 954 1142 957 538
1 5 110 457 896 476 526 942 1143 960
1 5 457 111 474 896 942 525 958 1143
1 5 896 474 117 475 1143 958 542 959
1 5 476 896 475 116 960 1143 959 543
1 5 526 942 1143 960 133 523 961 541
1 5 942 525 958 1143 523 134 539 961
1 5 1143 958 542 959 961 539 140 540
1 5 960 1143 959 543 541 961 540 139
1 5 111 462 899 474 525 946 1144 958
1 5 462 112 479 899 946 529 962 1144
1 5 899 479 118 480 1144 962 546 963
1 5 474 899 480 117 958 1144 963 542
1 5 525 946 1144 958 134 528 964 539
1 5 946 529 962 1144 528 135 544 964
1 5 1144 962 546 963 964 544 141 545
1 5 958 1144 963 542 539 964 545 140
1 5 112 465 902 479 529 949 1145 962
1 5 465 113 482 902 949 532 965 1145
1 5 902 482 119 483 1145 965 549 966
1 5 479 902 483 118 962 1145 966 546
1 5 529 949 1145 962 135 531 967 544
1 5 949 532 965 1145 531 136 547 967
1 5 1145 965 549 966 967 547 142 548
1 5 962 1145 966 546 544 967 548 141
1 5 113 468 905 482 532 952 1146 965
1 5 468 114 485 905 952 535 968 1146
1 5 905 485 120 486 1146 968 552 969
1 5 482 905 486 119 965 1146 969 549
1 5 532 952 1146 965 136 534 970 547
1 5 952 535 968 1146 534 137 550 970
1 5 1146 968 552 969 970 550 143 551
1 5 965 1146 969 549 547 970 551 142
1 5 114 471 908 485 535 955 1147 968
1 5 471 115 488 908 955 538 971 1147
1 5 485 908 489 120 968 1147 972 552
1 5 535 955 1147 968 137 537 973 550
1 5 955 538 971 1147 537 138 553 973
1 5 968 1147 972 552 550 973 554 143
1 5 115 473 909 488 538 957 1148 971
1 5 116 475 912 491 543 959 1149 975
1 5 475 117 490 912 959 542 974 1149
1 5 543 959 1149 975 139 540 976 556
1 5 959 542 974 1149 540 140 555 976
1 5 117 480 914 490 542 963 1150 974
1 5 480 118 492 914 963 546 977 1150
1 5 542 963 1150 974 140 545 978 555
1 5 963 546 977 1150 545 141 557 978
1 5 118 483 916 492 546 966 1151 977
1 5 483 119 493 916 966 549 979 1151
1 5 546 966 1151 977 141 548 980 557
1 5 966 549 979 1151 548 142 558 980
1 5 119 486 917 493 549 969 1152 979
1 5 549 969 1152 979 142 551 981 558
1 5 121 494 922 497 563 982 1153 985
1 5 494 122 495 922 982 564 983 1153
1 5 922 495 128 496 1153 983 565 984
1 5 497 922 496 127 985 1153 984 566
1 5 563 982 1153 985 144 559 986 562
1 5 982 564 983 1153 559 145 560 986
1 5 1153 983 565 984 986 560 151 561
1 5 985 1153 984 566 562 986 561 150
1 5 122 502 926 495 564 987 1154 983
1 5 502 123 503 926 987 570 988 1154
1 5 926 503 129 504 1154 988 571 989
1 5 495 926 504 128 983 1154 989 565
1 5 564 987 1154 983 145 567 990 560
1 5 987 570 988 1154 567 146 568 990
1 5 1154 988 571 989 990 568 152 569
1 5 983 1154 989 565 560 990 569 151
1 5 123 507 930 503 570 991 1155 988
1 5 507 124 508 930 991 575 992 1155
1 5 930 508 130 509 1155 992 576 993
1 5 503 930 509 129 988 1155 993 571
1 5 570 991 1155 988 146 572 994 568
1 5 991 575 992 1155 572 147 573 994
1 5 1155 992 576 993 994 573 153 574
1 5 988 1155 993 571 568 994 574 152
1 5 124 512 934 508 575 995 1156 992
1 5 512 125 513 934 995 580 996 1156
1 5 934 513 131 514 1156 996 581 997
1 5 508 934 514 130 992 1156 997 576
1 5 575 995 1156 992 147 577 998 573
1 5 995 580 996 1156 577 148 578 998
1 5 1156 996 581 997 998 578 154 579
1 5 992 1156 997 576 573 998 579 153
1 5 125 517 938 513 580 999 1157 996
1 5 517 126 518 938 999 585 1000 1157
1 5 938 518 132 519 1157 1000 586 1001
1 5 513 938 519 131 996 1157 1001 581
1 5 580 999 1157 996 148 582 1002 578
1 5 999 585 1000 1157 582 149 583 1002
1 5 1157 1000 586 1001 1002 583 155 584
1 5 996 1157 1001 581 578 1002 584 154
1 5 127 496 944 524 566 984 1158 1005
1 5 496 128 522 944 984 565 1003 1158
1 5 944 522 134 523 1158 1003 590 1004
1 5 524 944 523 133 1005 1158 1004 591
1 5 566 984 1158 1005 150 561 1006 589
1 5 984 565 1003 1158 561 151 587 1006
1 5 1158 1003 590 1004 1006 587 157 588
1 5 1005 1158 1004 591 589 1006 588 156
1 5 128 504 947 522 565 989 1159 1003
1 5 504 129 527 947 989 571 1007 1159
1 5 947 527 135 528 1159 1007 594 1008
1 5 522 947 528 134 1003 1159 1008 590
1 5 565 989 1159 1003 151 569 1009 587
1 5 989 571 1007 1159 569 152 592 1009
1 5 1159 1007 594 1008 1009 592 158 593
1 5 1003 1159 1008 590 587 1009 593 157
1 5 129 509 950 527 571 993 1160 1007
1 5 509 130 530 950 993 576 1010 1160
1 5 950 530 136 531 1160 1010 597 1011
1 5 527 950 531 135 1007 1160 1011 594
1 5 571 993 1160 1007 152 574 1012 592
1 5 993 576 1010 1160 574 153 595 1012
1 5 1160 1010 597 1011 1012 595 159 596
1 5 1007 1160 1011 594 592 1012 596 158
1 5 130 514 953 530 576 997 1161 1010
1 5 514 131 533 953 997 581 1013 1161
1 5 953 533 137 534 1161 1013 600 1014
1 5 530 953 534 136 1010 1161 1014 597
1 5 576 997 1161 1010 153 579 1015 595
1 5 997 581 1013 1161 579 154 598 1015
1 5 1161 1013 600 1014 1015 598 160 599
1 5 1010 1161 1014 597 595 1015 599 159
1 5 131 519 956 533 581 1001 1162 1013
1 5 519 132 536 956 1001 586 1016 1162
1 5 956 536 138 537 1162 1016 603 1017
1 5 533 956 537 137 1013 1162 1017 600
1 5 581 1001 1162 1013 154 584 1018 598
1 5 1001 586 1016 1162 584 155 601 1018
1 5 1162 1016 603 1017 1018 601 161 602
1 5 1013 1162 1017 600 598 1018 602 160
1 5 133 523 961 541 591 1004 1163 1021
1 5 523 134 539 961 1004 590 1019 1163
1 5 961 539 140 540 1163 1019 607 1020
1 5 541 961 540 139 1021 1163 1020 608
1 5 591 1004 1163 1021 156 588 1022 606
1 5 1004 590 1019 1163 588 157 604 1022
1 5 1163 1019 607 1020 1022 604 163 605
1 5 1021 1163 1020 608 606 1022 605 162
1 5 134 528 964 539 590 1008 1164 1019
1 5 528 135 544 964 1008 594 1023 1164
1 5 964 544 141 545 1164 1023 611 1024
1 5 539 964 545 140 1019 1164 1024 607
1 5 590 1008 1164 1019 157 593 1025 604
1 5 1008 594 1023 1164 593 158 609 1025
1 5 1164 1023 611 1024 1025 609 164 610
1 5 1019 1164 1024 607 604 1025 610 163
1 5 135 531 967 544 594 1011 1165 1023
1 5 531 136 547 967 1011 597 1026 1165
1 5 967 547 142 548 1165 1026 614 1027
1 5 544 967 548 141 1023 1165 1027 611
1 5 594 1011 1165 1023 158 596 1028 609
1 5 1011 597 1026 1165 596 159 612 1028
1 5 1165 1026 614 1027 1028 612 165 613
1 5 1023 1165 1027 611 609 1028 613 164
1 5 136 534 970 547 597 1014 1166 1026
1 5 534 137 550 970 1014 600 1029 1166
1 5 970 550 143 551 1166 1029 617 1030
1 5 547 970 551 142 1026 1166 1030 614
1 5 597 1014 1166 1026 159 599 1031 612
1 5 1014 600 1029 1166 599 160 615 1031
1 5 1166 1029 617 1030 1031 615 166 616
1 5 1026 1166 1030 614 612 1031 616 165
1 5 137 537 973 550 600 1017 1167 1029
1 5 537 138 553 973 1017 603 1032 1167
1 5 550 973 554 143 1029 1167 1033 617
1 5 600 1017 1167 1029 160 602 1034 615
1 5 1017 603 1032 1167 602 161 618 1034
1 5 1029 1167 1033 617 615 1034 619 166
1 5 139 540 976 556 608 1020 1168 1036
1 5 540 140 555 976 1020 607 1035 1168
1 5 608 1020 1168 1036 162 605 1037 621
1 5 1020 607 1035 1168 605 163 620 1037
1 5 140 545 978 555 607 1024 1169 1035
1 5 545 141 557 978 1024 611 1038 1169
1 5 607 1024 1169 1035 163 610 1039 620
1 5 1024 611 1038 1169 610 164 622 1039
1 5 141 548 980 557 611 1027 1170 1038
1 5 548 142 558 980 1027 614 1040 1170
1 5 611 1027 1170 1038 164 613 1041 622
1 5 1027 614 1040 1170 613 165 623 1041
1 5 142 551 981 558 614 1030 1171 1040
1 5 614 1030 1171 1040 165 616 1042 623

boundary
357
1 3 0 170 624 167
1 3 170 6 169 624
1 3 624 169 7 168
1 3 167 624 168 1
1 3 1 168 630 179
1 3 168 7 181 630
1 3 630 181 8 180
1 3 179 630 180 2
1 3 2 180 635 187
1 3 180 8 189 635
1 3 635 189 9 188
1 3 187 635 188 3
1 3 3 188 640 195
1 3 188 9 197 640
1 3 640 197 10 196
1 3 195 640 196 4
1 3 4 196 645 203
1 3 196 10 205 645
1 3 645 205 11 204
1 3 203 645 204 5
1 3 5 204 650 211
1 3 204 11 212 650
1 3 6 217 654 169
1 3 217 12 216 654
1 3 654 216 13 215
1 3 169 654 215 7
1 3 7 215 659 181
1 3 215 13 224 659
1 3 659 224 14 223
1 3 181 659 223 8
1 3 8 223 663 189
1 3 223 14 229 663
1 3 663 229 15 228
1 3 189 663 228 9
1 3 9 228 667 197
1 3 228 15 234 667
1 3 667 234 16 233
1 3 197 667 233 10
1 3 10 233 671 205
1 3 233 16 239 671
1 3 671 239 17 238
1 3 205 671 238 11
1 3 11 238 675 212
1 3 238 17 243 675
1 3 12 247 678 216
1 3 247 18 246 678
1 3 678 246 19 245
1 3 216 678 245 13
1 3 13 245 683 224
1 3 245 19 254 683
1 3 683 254 20 253
1 3 224 683 253 14
1 3 14 253 687 229
1 3 253 20 259 687
1 3 687 259 21 258
1 3 229 687 258 15
1 3 15 258 691 234
1 3 258 21 264 691
1 3 691 264 22 263
1 3 234 691 263 16
1 3 16 263 695 239
1 3 263 22 269 695
1 3 239 695 268 17
1 3 17 268 699 243
1 3 18 274 701 246
1 3 274 23 273 701
1 3 701 273 24 272
1 3 246 701 272 19
1 3 19 272 706 254
1 3 272 24 281 706
1 3 254 706 280 20
1 3 20 280 710 259
1 3 259 710 284 21
1 3 21 284 713 264
6 3 144 559 986 562
6 3 559 145 560 986
6 3 986 560 151 561
6 3 562 986 561 150
6 3 145 567 990 560
6 3 567 146 568 990
6 3 990 568 152 569
6 3 560 990 569 151
6 3 146 572 994 568
6 3 572 147 573 994
6 3 994 573 153 574
6 3 568 994 574 152
6 3 147 577 998 573
6 3 577 148 578 998
6 3 998 578 154 579
6 3 573 998 579 153
6 3 148 582 1002 578
6 3 582 149 583 1002
6 3 1002 583 155 584
6 3 578 1002 584 154
6 3 150 561 1006 589
6 3 561 151 587 1006
6 3 1006 587 157 588
6 3 589 1006 588 156
6 3 151 569 1009 587
6 3 569 152 592 1009
6 3 1009 592 158 593
6 3 587 1009 593 157
6 3 152 574 1012 592
6 3 574 153 595 1012
6 3 1012 595 159 596
6 3 592 1012 596 158
6 3 153 579 1015 595
6 3 579 154 598 1015
6 3 1015 598 160 599
6 3 595 1015 599 159
6 3 154 584 1018 598
6 3 584 155 601 1018
6 3 1018 601 161 602
6 3 598 1018 602 160
6 3 156 588 1022 606
6 3 588 157 604 1022
6 3 1022 604 163 605
6 3 606 1022 605 162
6 3 157 593 1025 604
6 3 593 158 609 1025
6 3 1025 609 164 610
6 3 604 1025 610 163
6 3 158 596 1028 609
6 3 596 159 612 1028
6 3 1028 612 165 613
6 3 609 1028 613 164
6 3 159 599 1031 612
6 3 599 160 615 1031
6 3 1031 615 166 616
6 3 612 1031 616 165
6 3 160 602 1034 615
6 3 602 161 618 1034
6 3 615 1034 619 166
6 3 162 605 1037 621
6 3 605 163 620 1037
6 3 163 610 1039 620
6 3 610 164 622 1039
6 3 164 613 1041 622
6 3 613 165 623 1041
6 3 165 616 1042 623
5 3 0 175 628 170
5 3 175 25 174 628
5 3 628 174 31 178
5 3 170 628 178 6
5 3 6 178 657 217
5 3 178 31 220 657
5 3 657 220 37 222
5 3 217 657 222 12
5 3 12 222 681 247
5 3 222 37 250 681
5 3 681 250 43 252
5 3 247 681 252 18
5 3 18 252 704 274
5 3 252 43 277 704
5 3 704 277 48 279
5 3 274 704 279 23
5 3 25 290 718 174
5 3 290 50 289 718
5 3 718 289 56 293
5 3 174 718 293 31
5 3 31 293 741 220
5 3 293 56 318 741
5 3 741 318 62 320
5 3 220 741 320 37
5 3 37 320 759 250
5 3 320 62 336 759
5 3 759 336 68 338
5 3 250 759 338 43
5 3 43 338 776 277
5 3 338 68 352 776
5 3 776 352 73 354
5 3 277 776 354 48
5 3 50 362 787 289
5 3 362 75 361 787
5 3 787 361 81 365
5 3 289 787 365 56
5 3 56 365 810 318
5 3 365 81 390 810
5 3 810 390 87 392
5 3 318 810 392 62
5 3 62 392 828 336
5 3 392 87 408 828
5 3 828 408 93 410
5 3 336 828 410 68
5 3 68 410 844 352
5 3 410 93 423 844
5 3 75 430 854 361
5 3 430 98 429 854
5 3 854 429 104 433
5 3 361 854 433 81
5 3 81 433 877 390
5 3 433 104 458 877
5 3 877 458 110 460
5 3 390 877 460 87
5 3 87 460 895 408
5 3 460 110 476 895
5 3 895 476 116 478
5 3 408 895 478 93
5 3 93 478 911 423
5 3 478 116 491 911
5 3 98 498 921 429
5 3 498 121 497 921
5 3 921 497 127 501
5 3 429 921 501 104
5 3 104 501 943 458
5 3 501 127 524 943
5 3 943 524 133 526
5 3 458 943 526 110
5 3 110 526 960 476
5 3 526 133 541 960
5 3 960 541 139 543
5 3 476 960 543 116
5 3 116 543 975 491
5 3 543 139 556 975
5 3 121 563 985 497
5 3 563 144 562 985
5 3 985 562 150 566
5 3 497 985 566 127
5 3 127 566 1005 524
5 3 566 150 589 1005
5 3 1005 589 156 591
5 3 524 1005 591 133
5 3 133 591 1021 541
5 3 591 156 606 1021
5 3 1021 606 162 608
5 3 541 1021 608 139
5 3 139 608 1036 556
5 3 608 162 621 1036
2 3 0 167 625 175
2 3 167 1 176 625
2 3 625 176 26 171
2 3 175 625 171 25
2 3 25 171 715 290
2 3 171 26 291 715
2 3 715 291 51 286
2 3 290 715 286 50
2 3 50 286 784 362
2 3 286 51 363 784
2 3 784 363 76 358
2 3 362 784 358 75
2 3 75 358 851 430
2 3 358 76 431 851
2 3 851 431 99 426
2 3 430 851 426 98
2 3 98 426 918 498
2 3 426 99 499 918
2 3 918 499 122 494
2 3 498 918 494 121
2 3 121 494 982 563
2 3 494 122 564 982
2 3 982 564 145 559
2 3 563 982 559 144
2 3 1 179 631 176
2 3 179 2 185 631
2 3 631 185 27 182
2 3 176 631 182 26
2 3 26 182 720 291
2 3 182 27 297 720
2 3 720 297 52 294
2 3 291 720 294 51
2 3 51 294 789 363
2 3 294 52 369 789
2 3 789 369 77 366
2 3 363 789 366 76
2 3 76 366 856 431
2 3 366 77 437 856
2 3 856 437 100 434
2 3 431 856 434 99
2 3 99 434 923 499
2 3 434 100 505 923
2 3 923 505 123 502
2 3 499 923 502 122
2 3 122 502 987 564
2 3 502 123 570 987
2 3 987 570 146 567
2 3 564 987 567 145
2 3 2 187 636 185
2 3 187 3 193 636
2 3 636 193 28 190
2 3 185 636 190 27
2 3 27 190 724 297
2 3 190 28 302 724
2 3 724 302 53 299
2 3 297 724 299 52
2 3 52 299 793 369
2 3 299 53 374 793
2 3 793 374 78 371
2 3 369 793 371 77
2 3 77 371 860 437
2 3 371 78 442 860
2 3 860 442 101 439
2 3 437 860 439 100
2 3 100 439 927 505
2 3 439 101 510 927
2 3 927 510 124 507
2 3 505 927 507 123
2 3 123 507 991 570
2 3 507 124 575 991
2 3 991 575 147 572
2 3 570 991 572 146
2 3 3 195 641 193
2 3 195 4 201 641
2 3 641 201 29 198
2 3 193 641 198 28
2 3 28 198 728 302
2 3 198 29 307 728
2 3 728 307 54 304
2 3 302 728 304 53
2 3 53 304 797 374
2 3 304 54 379 797
2 3 797 379 79 376
2 3 374 797 376 78
2 3 78 376 864 442
2 3 376 79 447 864
2 3 864 447 102 444
2 3 442 864 444 101
2 3 101 444 931 510
2 3 444 102 515 931
2 3 931 515 125 512
2 3 510 931 512 124
2 3 124 512 995 575
2 3 512 125 580 995
2 3 995 580 148 577
2 3 575 995 577 147
2 3 4 203 646 201
2 3 203 5 209 646
2 3 646 209 30 206
2 3 201 646 206 29
2 3 29 206 732 307
2 3 206 30 312 732
2 3 732 312 55 309
2 3 307 732 309 54
2 3 54 309 801 379
2 3 309 55 384 801
2 3 801 384 80 381
2 3 379 801 381 79
2 3 79 381 868 447
2 3 381 80 452 868
2 3 868 452 103 449
2 3 447 868 449 102
2 3 102 449 935 515
2 3 449 103 520 935
2 3 935 520 126 517
2 3 515 935 517 125
2 3 125 517 999 580
2 3 517 126 585 999
2 3 999 585 149 582
2 3 580 999 582 148
2 3 5 211 651 209
2 3 209 651 213 30
2 3 30 213 736 312
2 3 312 736 314 55
2 3 55 314 805 384
2 3 384 805 386 80
2 3 80 386 872 452
2 3 452 872 454 103
2 3 103 454 939 520

vertices
1172

nodes
FiniteElementSpace
FiniteElementCollection: H1_3D_P1
VDim: 3
Ordering: 1

0 0 0
1.111111111111111 0 0
2.222222222222222 0 0
3.333333333333333 0 0
4.444444444444445 0 0
5.555555555555556 0 0
0 0.8333333333333333 0
1.111111111111111 0.8333333333333333 0
2.222222222222222 0.8333333333333333 0
3.333333333333333 0.8333333333333333 0
4.444444444444445 0.8333333333333333 0
5.555555555555556 0.8333333333333333 0
0 1.666666666666667 0
1.111111111111111 1.666666666666667 0
2.222222222222222 1.666666666666667 0
3.333333333333333 1.666666666666667 0
4.444444444444445 1.666666666666667 0
5.555555555555556 1.666666666666667 0
0 2.5 0
1.111111111111111 2.5 0
2.222222222222222 2.5 0
3.333333333333333 2.5 0
4.444444444444445 2.5 0
0 3.333333333333333 0
1.111111111111111 3.333333333333333 0
0 0 0.8333333333333333
1.111111111111111 0 0.8333333333333333
2.222222222222222 0 0.8333333333333333
3.333333333333333 0 0.8333333333333333
4.444444444444445 0 0.8333333333333333
5.555555555555556 0 0.8333333333333333
0 0.8333333333333333 0.8333333333333333
1.111111111111111 0.8333333333333333 0.8333333333333333
2.222222222222222 0.8333333333333333 0.8333333333333333
3.333333333333333 0.8333333333333333 0.8333333333333333
4.444444444444445 0.8333333333333333 0.8333333333333333
5.555555555555556 0.8333333333333333 0.8333333333333333
0 1.666666666666667 0.8333333333333333
1.111111111111111 1.666666666666667 0.8333333333333333
2.222222222222222 1.666666666666667 0.8333333333333333
3.333333333333333 1.666666666666667 0.8333333333333333
4.444444444444445 1.666666666666667 0.8333333333333333
5.555555555555556 1.666666666666667 0.8333333333333333
0 2.5 0.8333333333333333
