MFEM mesh v1.2

#
# MFEM Geometry Types (see mesh/geom.hpp):
#
# POINT       = 0
# SEGMENT     = 1
# TRIANGLE    = 2
# SQUARE      = 3
# TETRAHEDRON = 4
# CUBE        = 5
# PRISM       = 6
# PYRAMID     = 7
#

dimension
3

elements
883
1 5 645 171 1 172 1091 646 175 647
1 5 1091 646 175 647 648 173 25 174
1 5 649 176 2 177 1092 650 180 651
1 5 171 649 177 1 646 1092 651 175
1 5 1092 650 180 651 652 178 26 179
1 5 646 1092 651 175 173 652 179 25
1 5 655 187 5 188 1093 656 191 657
1 5 1093 656 191 657 658 189 29 190
1 5 659 192 6 193 1094 660 196 661
1 5 187 659 193 5 656 1094 661 191
1 5 1094 660 196 661 662 194 30 195
1 5 656 1094 661 191 189 662 195 29
1 5 168 0 197 663 644 170 664 1095
1 5 663 197 7 198 1095 664 201 665
1 5 192 663 198 6 660 1095 665 196
1 5 644 170 664 1095 169 24 199 666
1 5 1095 664 201 665 666 199 31 200
1 5 660 1095 665 196 194 666 200 30
1 5 0 172 667 197 170 647 1096 664
1 5 172 1 202 667 647 175 668 1096
1 5 667 202 8 203 1096 668 206 669
1 5 197 667 203 7 664 1096 669 201
1 5 170 647 1096 664 24 174 670 199
1 5 647 175 668 1096 174 25 204 670
1 5 1096 668 206 669 670 204 32 205
1 5 664 1096 669 201 199 670 205 31
1 5 1 177 671 202 175 651 1097 668
1 5 177 2 207 671 651 180 672 1097
1 5 671 207 9 208 1097 672 211 673
1 5 202 671 208 8 668 1097 673 206
1 5 175 651 1097 668 25 179 674 204
1 5 651 180 672 1097 179 26 209 674
1 5 1097 672 211 673 674 209 33 210
1 5 668 1097 673 206 204 674 210 32
1 5 2 181 675 207 180 653 1098 672
1 5 207 675 212 9 672 1098 676 211
1 5 180 653 1098 672 26 182 677 209
1 5 672 1098 676 211 209 677 213 33
1 5 3 183 678 216 186 654 1099 681
1 5 183 4 214 678 654 185 679 1099
1 5 678 214 11 215 1099 679 220 680
1 5 216 678 215 10 681 1099 680 221
1 5 186 654 1099 681 27 184 682 219
1 5 654 185 679 1099 184 28 217 682
1 5 1099 679 220 680 682 217 35 218
1 5 681 1099 680 221 219 682 218 34
1 5 4 188 683 214 185 657 1100 679
1 5 188 5 222 683 657 191 684 1100
1 5 683 222 12 223 1100 684 226 685
1 5 214 683 223 11 679 1100 685 220
1 5 185 657 1100 679 28 190 686 217
1 5 657 191 684 1100 190 29 224 686
1 5 1100 684 226 685 686 224 36 225
1 5 679 1100 685 220 217 686 225 35
1 5 5 193 687 222 191 661 1101 684
1 5 193 6 227 687 661 196 688 1101
1 5 687 227 13 228 1101 688 231 689
1 5 222 687 228 12 684 1101 689 226
1 5 191 661 1101 684 29 195 690 224
1 5 661 196 688 1101 195 30 229 690
1 5 1101 688 231 689 690 229 37 230
1 5 684 1101 689 226 224 690 230 36
1 5 6 198 691 227 196 665 1102 688
1 5 198 7 232 691 665 201 692 1102
1 5 691 232 14 233 1102 692 236 693
1 5 227 691 233 13 688 1102 693 231
1 5 196 665 1102 688 30 200 694 229
1 5 665 201 692 1102 200 31 234 694
1 5 1102 692 236 693 694 234 38 235
1 5 688 1102 693 231 229 694 235 37
1 5 7 203 695 232 201 669 1103 692
1 5 203 8 237 695 669 206 696 1103
1 5 695 237 15 238 1103 696 241 697
1 5 232 695 238 14 692 1103 697 236
1 5 201 669 1103 692 31 205 698 234
1 5 669 206 696 1103 205 32 239 698
1 5 1103 696 241 697 698 239 39 240
1 5 692 1103 697 236 234 698 240 38
1 5 8 208 699 237 206 673 1104 696
1 5 208 9 242 699 673 211 700 1104
1 5 699 242 16 243 1104 700 246 701
1 5 237 699 243 15 696 1104 701 241
1 5 206 673 1104 696 32 210 702 239
1 5 673 211 700 1104 210 33 244 702
1 5 1104 700 246 701 702 244 40 245
1 5 696 1104 701 241 239 702 245 39
1 5 9 212 703 242 211 676 1105 700
1 5 242 703 247 16 700 1105 704 246
1 5 211 676 1105 700 33 213 705 244
1 5 700 1105 704 246 244 705 248 40
1 5 10 215 706 251 221 680 1106 709
1 5 215 11 249 706 680 220 707 1106
1 5 706 249 18 250 1106 707 255 708
1 5 251 706 250 17 709 1106 708 256
1 5 221 680 1106 709 34 218 710 254
1 5 680 220 707 1106 218 35 252 710
1 5 1106 707 255 708 710 252 42 253
1 5 709 1106 708 256 254 710 253 41
1 5 11 223 711 249 220 685 1107 707
1 5 223 12 257 711 685 226 712 1107
1 5 711 257 19 258 1107 712 261 713
1 5 249 711 258 18 707 1107 713 255
1 5 220 685 1107 707 35 225 714 252
1 5 685 226 712 1107 225 36 259 714
1 5 1107 712 261 713 714 259 43 260
1 5 707 1107 713 255 252 714 260 42
1 5 12 228 715 257 226 689 1108 712
1 5 228 13 262 715 689 231 716 1108
1 5 715 262 20 263 1108 716 266 717
1 5 257 715 263 19 712 1108 717 261
1 5 226 689 1108 712 36 230 718 259
1 5 689 231 716 1108 230 37 264 718
1 5 1108 716 266 717 718 264 44 265
1 5 712 1108 717 261 259 718 265 43
1 5 13 233 719 262 231 693 1109 716
1 5 233 14 267 719 693 236 720 1109
1 5 719 267 21 268 1109 720 271 721
1 5 262 719 268 20 716 1109 721 266
1 5 231 693 1109 716 37 235 722 264
1 5 693 236 720 1109 235 38 269 722
1 5 1109 720 271 721 722 269 45 270
1 5 716 1109 721 266 264 722 270 44
1 5 14 238 723 267 236 697 1110 720
1 5 238 15 272 723 697 241 724 1110
1 5 723 272 22 273 1110 724 276 725
1 5 267 723 273 21 720 1110 725 271
1 5 236 697 1110 720 38 240 726 269
1 5 697 241 724 1110 240 39 274 726
1 5 1110 724 276 725 726 274 46 275
1 5 720 1110 725 271 269 726 275 45
1 5 15 243 727 272 241 701 1111 724
1 5 243 16 277 727 701 246 728 1111
1 5 727 277 23 278 1111 728 281 729
1 5 272 727 278 22 724 1111 729 276
1 5 241 701 1111 724 39 245 730 274
1 5 701 246 728 1111 245 40 279 730
1 5 1111 728 281 729 730 279 47 280
1 5 724 1111 729 276 274 730 280 46
1 5 16 247 731 277 246 704 1112 728
1 5 277 731 282 23 728 1112 732 281
1 5 246 704 1112 728 40 248 733 279
1 5 728 1112 732 281 279 733 283 47
1 5 648 173 25 174 1113 735 288 736
1 5 1113 735 288 736 737 286 49 287
1 5 652 178 26 179 1114 738 291 739
1 5 173 652 179 25 735 1114 739 288
1 5 1114 738 291 739 740 289 50 290
1 5 735 1114 739 288 286 740 290 49
1 5 658 189 29 190 1115 744 300 745
1 5 1115 744 300 745 746 298 53 299
1 5 662 194 30 195 1116 747 303 748
1 5 189 662 195 29 744 1116 748 300
1 5 1116 747 303 748 749 301 54 302
1 5 744 1116 748 300 298 749 302 53
1 5 169 24 199 666 734 285 750 1117
1 5 666 199 31 200 1117 750 306 751
1 5 194 666 200 30 747 1117 751 303
1 5 734 285 750 1117 284 48 304 752
1 5 1117 750 306 751 752 304 55 305
1 5 747 1117 751 303 301 752 305 54
1 5 24 174 670 199 285 736 1118 750
1 5 174 25 204 670 736 288 753 1118
1 5 670 204 32 205 1118 753 309 754
1 5 199 670 205 31 750 1118 754 306
1 5 285 736 1118 750 48 287 755 304
1 5 736 288 753 1118 287 49 307 755
1 5 1118 753 309 754 755 307 56 308
1 5 750 1118 754 306 304 755 308 55
1 5 25 179 674 204 288 739 1119 753
1 5 179 26 209 674 739 291 756 1119
1 5 674 209 33 210 1119 756 312 757
1 5 204 674 210 32 753 1119 757 309
1 5 288 739 1119 753 49 290 758 307
1 5 739 291 756 1119 290 50 310 758
1 5 1119 756 312 757 758 310 57 311
1 5 753 1119 757 309 307 758 311 56
1 5 26 182 677 209 291 741 1120 756
1 5 209 677 213 33 756 1120 759 312
1 5 291 741 1120 756 50 292 760 310
1 5 756 1120 759 312 310 760 313 57
1 5 27 184 682 219 297 742 1121 763
1 5 184 28 217 682 742 296 761 1121
1 5 682 217 35 218 1121 761 317 762
1 5 219 682 218 34 763 1121 762 318
1 5 297 742 1121 763 51 294 764 316
1 5 742 296 761 1121 294 52 314 764
1 5 1121 761 317 762 764 314 59 315
1 5 763 1121 762 318 316 764 315 58
1 5 28 190 686 217 296 745 1122 761
1 5 190 29 224 686 745 300 765 1122
1 5 686 224 36 225 1122 765 321 766
1 5 217 686 225 35 761 1122 766 317
1 5 296 745 1122 761 52 299 767 314
1 5 745 300 765 1122 299 53 319 767
1 5 1122 765 321 766 767 319 60 320
1 5 761 1122 766 317 314 767 320 59
1 5 29 195 690 224 300 748 1123 765
1 5 195 30 229 690 748 303 768 1123
1 5 690 229 37 230 1123 768 324 769
1 5 224 690 230 36 765 1123 769 321
1 5 300 748 1123 765 53 302 770 319
1 5 748 303 768 1123 302 54 322 770
1 5 1123 768 324 769 770 322 61 323
1 5 765 1123 769 321 319 770 323 60
1 5 30 200 694 229 303 751 1124 768
1 5 200 31 234 694 751 306 771 1124
1 5 694 234 38 235 1124 771 327 772
1 5 229 694 235 37 768 1124 772 324
1 5 303 751 1124 768 54 305 773 322
1 5 751 306 771 1124 305 55 325 773
1 5 1124 771 327 772 773 325 62 326
1 5 768 1124 772 324 322 773 326 61
1 5 31 205 698 234 306 754 1125 771
1 5 205 32 239 698 754 309 774 1125
1 5 698 239 39 240 1125 774 330 775
1 5 234 698 240 38 771 1125 775 327
1 5 306 754 1125 771 55 308 776 325
1 5 754 309 774 1125 308 56 328 776
1 5 1125 774 330 775 776 328 63 329
1 5 771 1125 775 327 325 776 329 62
1 5 32 210 702 239 309 757 1126 774
1 5 210 33 244 702 757 312 777 1126
1 5 702 244 40 245 1126 777 333 778
1 5 239 702 245 39 774 1126 778 330
1 5 309 757 1126 774 56 311 779 328
1 5 757 312 777 1126 311 57 331 779
1 5 1126 777 333 778 779 331 64 332
1 5 774 1126 778 330 328 779 332 63
1 5 33 213 705 244 312 759 1127 777
1 5 244 705 248 40 777 1127 780 333
1 5 312 759 1127 777 57 313 781 331
1 5 777 1127 780 333 331 781 334 64
1 5 34 218 710 254 318 762 1128 784
1 5 218 35 252 710 762 317 782 1128
1 5 710 252 42 253 1128 782 338 783
1 5 254 710 253 41 784 1128 783 339
1 5 318 762 1128 784 58 315 785 337
1 5 762 317 782 1128 315 59 335 785
1 5 1128 782 338 783 785 335 66 336
1 5 784 1128 783 339 337 785 336 65
1 5 35 225 714 252 317 766 1129 782
1 5 225 36 259 714 766 321 786 1129
1 5 714 259 43 260 1129 786 342 787
1 5 252 714 260 42 782 1129 787 338
1 5 317 766 1129 782 59 320 788 335
1 5 766 321 786 1129 320 60 340 788
1 5 1129 786 342 787 788 340 67 341
1 5 782 1129 787 338 335 788 341 66
1 5 36 230 718 259 321 769 1130 786
1 5 230 37 264 718 769 324 789 1130
1 5 718 264 44 265 1130 789 345 790
1 5 259 718 265 43 786 1130 790 342
1 5 321 769 1130 786 60 323 791 340
1 5 769 324 789 1130 323 61 343 791
1 5 1130 789 345 790 791 343 68 344
1 5 786 1130 790 342 340 791 344 67
1 5 37 235 722 264 324 772 1131 789
1 5 235 38 269 722 772 327 792 1131
1 5 722 269 45 270 1131 792 348 793
1 5 264 722 270 44 789 1131 793 345
1 5 324 772 1131 789 61 326 794 343
1 5 772 327 792 1131 326 62 346 794
1 5 1131 792 348 793 794 346 69 347
1 5 789 1131 793 345 343 794 347 68
1 5 38 240 726 269 327 775 1132 792
1 5 240 39 274 726 775 330 795 1132
1 5 726 274 46 275 1132 795 351 796
1 5 269 726 275 45 792 1132 796 348
1 5 327 775 1132 792 62 329 797 346
1 5 775 330 795 1132 329 63 349 797
1 5 1132 795 351 796 797 349 70 350
1 5 792 1132 796 348 346 797 350 69
1 5 39 245 730 274 330 778 1133 795
1 5 245 40 279 730 778 333 798 1133
1 5 730 279 47 280 1133 798 354 799
1 5 274 730 280 46 795 1133 799 351
1 5 330 778 1133 795 63 332 800 349
1 5 778 333 798 1133 332 64 352 800
1 5 1133 798 354 799 800 352 71 353
1 5 795 1133 799 351 349 800 353 70
1 5 40 248 733 279 333 780 1134 798
1 5 279 733 283 47 798 1134 801 354
1 5 333 780 1134 798 64 334 802 352
1 5 798 1134 801 354 352 802 355 71
1 5 737 286 49 287 1135 804 360 805
1 5 1135 804 360 805 806 358 73 359
1 5 740 289 50 290 1136 807 363 808
1 5 286 740 290 49 804 1136 808 360
1 5 1136 807 363 808 809 361 74 362
1 5 804 1136 808 360 358 809 362 73
1 5 807 1137 810 363 361 811 364 74
1 5 743 293 52 294 1138 812 368 813
1 5 295 743 294 51 814 1138 813 369
1 5 1138 812 368 813 815 365 76 366
1 5 814 1138 813 369 367 815 366 75
1 5 746 298 53 299 1139 816 372 817
1 5 293 746 299 52 812 1139 817 368
1 5 1139 816 372 817 818 370 77 371
1 5 812 1139 817 368 365 818 371 76
1 5 749 301 54 302 1140 819 375 820
1 5 298 749 302 53 816 1140 820 372
1 5 1140 819 375 820 821 373 78 374
1 5 816 1140 820 372 370 821 374 77
1 5 284 48 304 752 803 357 822 1141
1 5 752 304 55 305 1141 822 378 823
1 5 301 752 305 54 819 1141 823 375
1 5 803 357 822 1141 356 72 376 824
1 5 1141 822 378 823 824 376 79 377
1 5 819 1141 823 375 373 824 377 78
1 5 48 287 755 304 357 805 1142 822
1 5 287 49 307 755 805 360 825 1142
1 5 755 307 56 308 1142 825 381 826
1 5 304 755 308 55 822 1142 826 378
1 5 357 805 1142 822 72 359 827 376
1 5 805 360 825 1142 359 73 379 827
1 5 1142 825 381 826 827 379 80 380
1 5 822 1142 826 378 376 827 380 79
1 5 49 290 758 307 360 808 1143 825
1 5 290 50 310 758 808 363 828 1143
1 5 758 310 57 311 1143 828 384 829
1 5 307 758 311 56 825 1143 829 381
1 5 360 808 1143 825 73 362 830 379
1 5 808 363 828 1143 362 74 382 830
1 5 1143 828 384 829 830 382 81 383
1 5 825 1143 829 381 379 830 383 80
1 5 50 292 760 310 363 810 1144 828
1 5 310 760 313 57 828 1144 831 384
1 5 363 810 1144 828 74 364 832 382
1 5 828 1144 831 384 382 832 385 81
1 5 51 294 764 316 369 813 1145 835
1 5 294 52 314 764 813 368 833 1145
1 5 764 314 59 315 1145 833 389 834
1 5 316 764 315 58 835 1145 834 390
1 5 369 813 1145 835 75 366 836 388
1 5 813 368 833 1145 366 76 386 836
1 5 1145 833 389 834 836 386 83 387
1 5 835 1145 834 390 388 836 387 82
1 5 52 299 767 314 368 817 1146 833
1 5 299 53 319 767 817 372 837 1146
1 5 767 319 60 320 1146 837 393 838
1 5 314 767 320 59 833 1146 838 389
1 5 368 817 1146 833 76 371 839 386
1 5 817 372 837 1146 371 77 391 839
1 5 1146 837 393 838 839 391 84 392
1 5 833 1146 838 389 386 839 392 83
1 5 53 302 770 319 372 820 1147 837
1 5 302 54 322 770 820 375 840 1147
1 5 770 322 61 323 1147 840 396 841
1 5 319 770 323 60 837 1147 841 393
1 5 372 820 1147 837 77 374 842 391
1 5 820 375 840 1147 374 78 394 842
1 5 1147 840 396 841 842 394 85 395
1 5 837 1147 841 393 391 842 395 84
1 5 54 305 773 322 375 823 1148 840
1 5 305 55 325 773 823 378 843 1148
1 5 773 325 62 326 1148 843 399 844
1 5 322 773 326 61 840 1148 844 396
1 5 375 823 1148 840 78 377 845 394
1 5 823 378 843 1148 377 79 397 845
1 5 1148 843 399 844 845 397 86 398
1 5 840 1148 844 396 394 845 398 85
1 5 55 308 776 325 378 826 1149 843
1 5 308 56 328 776 826 381 846 1149
1 5 776 328 63 329 1149 846 402 847
1 5 325 776 329 62 843 1149 847 399
1 5 378 826 1149 843 79 380 848 397
1 5 826 381 846 1149 380 80 400 848
1 5 1149 846 402 847 848 400 87 401
1 5 843 1149 847 399 397 848 401 86
1 5 56 311 779 328 381 829 1150 846
1 5 311 57 331 779 829 384 849 1150
1 5 779 331 64 332 1150 849 405 850
1 5 328 779 332 63 846 1150 850 402
1 5 381 829 1150 846 80 383 851 400
1 5 829 384 849 1150 383 81 403 851
1 5 1150 849 405 850 851 403 88 404
1 5 846 1150 850 402 400 851 404 87
1 5 57 313 781 331 384 831 1151 849
1 5 331 781 334 64 849 1151 852 405
1 5 384 831 1151 849 81 385 853 403
1 5 849 1151 852 405 403 853 406 88
1 5 58 315 785 337 390 834 1152 856
1 5 315 59 335 785 834 389 854 1152
1 5 785 335 66 336 1152 854 410 855
1 5 337 785 336 65 856 1152 855 411
1 5 390 834 1152 856 82 387 857 409
1 5 834 389 854 1152 387 83 407 857
1 5 1152 854 410 855 857 407 90 408
1 5 856 1152 855 411 409 857 408 89
1 5 59 320 788 335 389 838 1153 854
1 5 320 60 340 788 838 393 858 1153
1 5 788 340 67 341 1153 858 414 859
1 5 335 788 341 66 854 1153 859 410
1 5 389 838 1153 854 83 392 860 407
1 5 838 393 858 1153 392 84 412 860
1 5 1153 858 414 859 860 412 91 413
1 5 854 1153 859 410 407 860 413 90
1 5 60 323 791 340 393 841 1154 858
1 5 323 61 343 791 841 396 861 1154
1 5 791 343 68 344 1154 861 417 862
1 5 340 791 344 67 858 1154 862 414
1 5 393 841 1154 858 84 395 863 412
1 5 841 396 861 1154 395 85 415 863
1 5 1154 861 417 862 863 415 92 416
1 5 858 1154 862 414 412 863 416 91
1 5 61 326 794 343 396 844 1155 861
1 5 326 62 346 794 844 399 864 1155
1 5 794 346 69 347 1155 864 420 865
1 5 343 794 347 68 861 1155 865 417
1 5 396 844 1155 861 85 398 866 415
1 5 844 399 864 1155 398 86 418 866
1 5 1155 864 420 865 866 418 93 419
1 5 861 1155 865 417 415 866 419 92
1 5 62 329 797 346 399 847 1156 864
1 5 329 63 349 797 847 402 867 1156
1 5 797 349 70 350 1156 867 423 868
1 5 346 797 350 69 864 1156 868 420
1 5 399 847 1156 864 86 401 869 418
1 5 847 402 867 1156 401 87 421 869
1 5 1156 867 423 868 869 421 94 422
1 5 864 1156 868 420 418 869 422 93
1 5 63 332 800 349 402 850 1157 867
1 5 332 64 352 800 850 405 870 1157
1 5 800 352 71 353 1157 870 426 871
1 5 349 800 353 70 867 1157 871 423
1 5 402 850 1157 867 87 404 872 421
1 5 850 405 870 1157 404 88 424 872
1 5 1157 870 426 871 872 424 95 425
1 5 867 1157 871 423 421 872 425 94
1 5 64 334 802 352 405 852 1158 870
1 5 352 802 355 71 870 1158 873 426
1 5 405 852 1158 870 88 406 874 424
1 5 870 1158 873 426 424 874 427 95
1 5 806 358 73 359 1159 876 432 877
1 5 1159 876 432 877 878 430 97 431
1 5 809 361 74 362 1160 879 435 880
1 5 358 809 362 73 876 1160 880 432
1 5 1160 879 435 880 881 433 98 434
1 5 876 1160 880 432 430 881 434 97
1 5 361 811 364 74 879 1161 882 435
1 5 879 1161 882 435 433 883 436 98
1 5 815 365 76 366 1162 884 440 885
1 5 367 815 366 75 886 1162 885 441
1 5 1162 884 440 885 887 437 100 438
1 5 886 1162 885 441 439 887 438 99
1 5 818 370 77 371 1163 888 444 889
1 5 365 818 371 76 884 1163 889 440
1 5 1163 888 444 889 890 442 101 443
1 5 884 1163 889 440 437 890 443 100
1 5 821 373 78 374 1164 891 447 892
1 5 370 821 374 77 888 1164 892 444
1 5 1164 891 447 892 893 445 102 446
1 5 888 1164 892 444 442 893 446 101
1 5 356 72 376 824 875 429 894 1165
1 5 824 376 79 377 1165 894 450 895
1 5 373 824 377 78 891 1165 895 447
1 5 875 429 894 1165 428 96 448 896
1 5 1165 894 450 895 896 448 103 449
1 5 891 1165 895 447 445 896 449 102
1 5 72 359 827 376 429 877 1166 894
1 5 359 73 379 827 877 432 897 1166
1 5 827 379 80 380 1166 897 453 898
1 5 376 827 380 79 894 1166 898 450
1 5 429 877 1166 894 96 431 899 448
1 5 877 432 897 1166 431 97 451 899
1 5 1166 897 453 898 899 451 104 452
1 5 894 1166 898 450 448 899 452 103
1 5 73 362 830 379 432 880 1167 897
1 5 362 74 382 830 880 435 900 1167
1 5 830 382 81 383 1167 900 456 901
1 5 379 830 383 80 897 1167 901 453
1 5 432 880 1167 897 97 434 902 451
1 5 880 435 900 1167 434 98 454 902
1 5 1167 900 456 901 902 454 105 455
1 5 897 1167 901 453 451 902 455 104
1 5 74 364 832 382 435 882 1168 900
1 5 382 832 385 81 900 1168 903 456
1 5 435 882 1168 900 98 436 904 454
1 5 900 1168 903 456 454 904 457 105
1 5 75 366 836 388 441 885 1169 907
1 5 366 76 386 836 885 440 905 1169
1 5 836 386 83 387 1169 905 461 906
1 5 388 836 387 82 907 1169 906 462
1 5 441 885 1169 907 99 438 908 460
1 5 885 440 905 1169 438 100 458 908
1 5 1169 905 461 906 908 458 107 459
1 5 907 1169 906 462 460 908 459 106
1 5 76 371 839 386 440 889 1170 905
1 5 371 77 391 839 889 444 909 1170
1 5 839 391 84 392 1170 909 465 910
1 5 386 839 392 83 905 1170 910 461
1 5 440 889 1170 905 100 443 911 458
1 5 889 444 909 1170 443 101 463 911
1 5 1170 909 465 910 911 463 108 464
1 5 905 1170 910 461 458 911 464 107
1 5 77 374 842 391 444 892 1171 909
1 5 374 78 394 842 892 447 912 1171
1 5 842 394 85 395 1171 912 468 913
1 5 391 842 395 84 909 1171 913 465
1 5 444 892 1171 909 101 446 914 463
1 5 892 447 912 1171 446 102 466 914
1 5 1171 912 468 913 914 466 109 467
1 5 909 1171 913 465 463 914 467 108
1 5 78 377 845 394 447 895 1172 912
1 5 377 79 397 845 895 450 915 1172
1 5 845 397 86 398 1172 915 471 916
1 5 394 845 398 85 912 1172 916 468
1 5 447 895 1172 912 102 449 917 466
1 5 895 450 915 1172 449 103 469 917
1 5 1172 915 471 916 917 469 110 470
1 5 912 1172 916 468 466 917 470 109
1 5 79 380 848 397 450 898 1173 915
1 5 380 80 400 848 898 453 918 1173
1 5 848 400 87 401 1173 918 474 919
1 5 397 848 401 86 915 1173 919 471
1 5 450 898 1173 915 103 452 920 469
1 5 898 453 918 1173 452 104 472 920
1 5 1173 918 474 919 920 472 111 473
1 5 915 1173 919 471 469 920 473 110
1 5 80 383 851 400 453 901 1174 918
1 5 383 81 403 851 901 456 921 1174
1 5 851 403 88 404 1174 921 477 922
1 5 400 851 404 87 918 1174 922 474
1 5 453 901 1174 918 104 455 923 472
1 5 901 456 921 1174 455 105 475 923
1 5 1174 921 477 922 923 475 112 476
1 5 918 1174 922 474 472 923 476 111
1 5 81 385 853 403 456 903 1175 921
1 5 403 853 406 88 921 1175 924 477
1 5 456 903 1175 921 105 457 925 475
1 5 921 1175 924 477 475 925 478 112
1 5 82 387 857 409 462 906 1176 928
1 5 387 83 407 857 906 461 926 1176
1 5 857 407 90 408 1176 926 482 927
1 5 409 857 408 89 928 1176 927 483
1 5 462 906 1176 928 106 459 929 481
1 5 906 461 926 1176 459 107 479 929
1 5 1176 926 482 927 929 479 114 480
1 5 928 1176 927 483 481 929 480 113
1 5 83 392 860 407 461 910 1177 926
1 5 392 84 412 860 910 465 930 1177
1 5 860 412 91 413 1177 930 486 931
1 5 407 860 413 90 926 1177 931 482
1 5 461 910 1177 926 107 464 932 479
1 5 910 465 930 1177 464 108 484 932
1 5 1177 930 486 931 932 484 115 485
1 5 926 1177 931 482 479 932 485 114
1 5 84 395 863 412 465 913 1178 930
1 5 395 85 415 863 913 468 933 1178
1 5 863 415 92 416 1178 933 489 934
1 5 412 863 416 91 930 1178 934 486
1 5 465 913 1178 930 108 467 935 484
1 5 913 468 933 1178 467 109 487 935
1 5 1178 933 489 934 935 487 116 488
1 5 930 1178 934 486 484 935 488 115
1 5 85 398 866 415 468 916 1179 933
1 5 398 86 418 866 916 471 936 1179
1 5 866 418 93 419 1179 936 492 937
1 5 415 866 419 92 933 1179 937 489
1 5 468 916 1179 933 109 470 938 487
1 5 916 471 936 1179 470 110 490 938
1 5 1179 936 492 937 938 490 117 491
1 5 933 1179 937 489 487 938 491 116
1 5 86 401 869 418 471 919 1180 936
1 5 401 87 421 869 919 474 939 1180
1 5 869 421 94 422 1180 939 495 940
1 5 418 869 422 93 936 1180 940 492
1 5 471 919 1180 936 110 473 941 490
1 5 919 474 939 1180 473 111 493 941
1 5 1180 939 495 940 941 493 118 494
1 5 936 1180 940 492 490 941 494 117
1 5 87 404 872 421 474 922 1181 939
1 5 404 88 424 872 922 477 942 1181
1 5 872 424 95 425 1181 942 498 943
1 5 421 872 425 94 939 1181 943 495
1 5 474 922 1181 939 111 476 944 493
1 5 922 477 942 1181 476 112 496 944
1 5 1181 942 498 943 944 496 119 497
1 5 939 1181 943 495 493 944 497 118
1 5 88 406 874 424 477 924 1182 942
1 5 424 874 427 95 942 1182 945 498
1 5 477 924 1182 942 112 478 946 496
1 5 942 1182 945 498 496 946 499 119
1 5 878 430 97 431 1183 948 504 949
1 5 1183 948 504 949 950 502 121 503
1 5 881 433 98 434 1184 951 507 952
1 5 430 881 434 97 948 1184 952 504
1 5 1184 951 507 952 953 505 122 506
1 5 948 1184 952 504 502 953 506 121
1 5 433 883 436 98 951 1185 954 507
1 5 951 1185 954 507 505 955 508 122
1 5 887 437 100 438 1186 956 512 957
1 5 439 887 438 99 958 1186 957 513
1 5 1186 956 512 957 959 509 124 510
1 5 958 1186 957 513 511 959 510 123
1 5 890 442 101 443 1187 960 516 961
1 5 437 890 443 100 956 1187 961 512
1 5 1187 960 516 961 962 514 125 515
1 5 956 1187 961 512 509 962 515 124
1 5 893 445 102 446 1188 963 519 964
1 5 442 893 446 101 960 1188 964 516
1 5 1188 963 519 964 965 517 126 518
1 5 960 1188 964 516 514 965 518 125
1 5 428 96 448 896 947 501 966 1189
1 5 896 448 103 449 1189 966 522 967
1 5 445 896 449 102 963 1189 967 519
1 5 947 501 966 1189 500 120 520 968
1 5 1189 966 522 967 968 520 127 521
1 5 963 1189 967 519 517 968 521 126
1 5 96 431 899 448 501 949 1190 966
1 5 431 97 451 899 949 504 969 1190
1 5 899 451 104 452 1190 969 525 970
1 5 448 899 452 103 966 1190 970 522
1 5 501 949 1190 966 120 503 971 520
1 5 949 504 969 1190 503 121 523 971
1 5 1190 969 525 970 971 523 128 524
1 5 966 1190 970 522 520 971 524 127
1 5 97 434 902 451 504 952 1191 969
1 5 434 98 454 902 952 507 972 1191
1 5 902 454 105 455 1191 972 528 973
1 5 451 902 455 104 969 1191 973 525
1 5 504 952 1191 969 121 506 974 523
1 5 952 507 972 1191 506 122 526 974
1 5 1191 972 528 973 974 526 129 527
1 5 969 1191 973 525 523 974 527 128
1 5 98 436 904 454 507 954 1192 972
1 5 454 904 457 105 972 1192 975 528
1 5 507 954 1192 972 122 508 976 526
1 5 972 1192 975 528 526 976 529 129
1 5 99 438 908 460 513 957 1193 979
1 5 438 100 458 908 957 512 977 1193
1 5 908 458 107 459 1193 977 533 978
1 5 460 908 459 106 979 1193 978 534
1 5 513 957 1193 979 123 510 980 532
1 5 957 512 977 1193 510 124 530 980
1 5 1193 977 533 978 980 530 131 531
1 5 979 1193 978 534 532 980 531 130
1 5 100 443 911 458 512 961 1194 977
1 5 443 101 463 911 961 516 981 1194
1 5 911 463 108 464 1194 981 537 982
1 5 458 911 464 107 977 1194 982 533
1 5 512 961 1194 977 124 515 983 530
1 5 961 516 981 1194 515 125 535 983
1 5 1194 981 537 982 983 535 132 536
1 5 977 1194 982 533 530 983 536 131
1 5 101 446 914 463 516 964 1195 981
1 5 446 102 466 914 964 519 984 1195
1 5 914 466 109 467 1195 984 540 985
1 5 463 914 467 108 981 1195 985 537
1 5 516 964 1195 981 125 518 986 535
1 5 964 519 984 1195 518 126 538 986
1 5 1195 984 540 985 986 538 133 539
1 5 981 1195 985 537 535 986 539 132
1 5 102 449 917 466 519 967 1196 984
1 5 449 103 469 917 967 522 987 1196
1 5 917 469 110 470 1196 987 543 988
1 5 466 917 470 109 984 1196 988 540
1 5 519 967 1196 984 126 521 989 538
1 5 967 522 987 1196 521 127 541 989
1 5 1196 987 543 988 989 541 134 542
1 5 984 1196 988 540 538 989 542 133
1 5 103 452 920 469 522 970 1197 987
1 5 452 104 472 920 970 525 990 1197
1 5 920 472 111 473 1197 990 546 991
1 5 469 920 473 110 987 1197 991 543
1 5 522 970 1197 987 127 524 992 541
1 5 970 525 990 1197 524 128 544 992
1 5 1197 990 546 991 992 544 135 545
1 5 987 1197 991 543 541 992 545 134
1 5 104 455 923 472 525 973 1198 990
1 5 455 105 475 923 973 528 993 1198
1 5 923 475 112 476 1198 993 549 994
1 5 472 923 476 111 990 1198 994 546
1 5 525 973 1198 990 128 527 995 544
1 5 973 528 993 1198 527 129 547 995
1 5 1198 993 549 994 995 547 136 548
1 5 990 1198 994 546 544 995 548 135
1 5 105 457 925 475 528 975 1199 993
1 5 475 925 478 112 993 1199 996 549
1 5 528 975 1199 993 129 529 997 547
1 5 993 1199 996 549 547 997 550 136
1 5 106 459 929 481 534 978 1200 1000
1 5 459 107 479 929 978 533 998 1200
1 5 929 479 114 480 1200 998 554 999
1 5 481 929 480 113 1000 1200 999 555
1 5 534 978 1200 1000 130 531 1001 553
1 5 978 533 998 1200 531 131 551 1001
1 5 1200 998 554 999 1001 551 138 552
1 5 1000 1200 999 555 553 1001 552 137
1 5 107 464 932 479 533 982 1201 998
1 5 464 108 484 932 982 537 1002 1201
1 5 932 484 115 485 1201 1002 558 1003
1 5 479 932 485 114 998 1201 1003 554
1 5 533 982 1201 998 131 536 1004 551
1 5 982 537 1002 1201 536 132 556 1004
1 5 1201 1002 558 1003 1004 556 139 557
1 5 998 1201 1003 554 551 1004 557 138
1 5 108 467 935 484 537 985 1202 1002
1 5 467 109 487 935 985 540 1005 1202
1 5 935 487 116 488 1202 1005 561 1006
1 5 484 935 488 115 1002 1202 1006 558
1 5 537 985 1202 1002 132 539 1007 556
1 5 985 540 1005 1202 539 133 559 1007
1 5 1202 1005 561 1006 1007 559 140 560
1 5 1002 1202 1006 558 556 1007 560 139
1 5 109 470 938 487 540 988 1203 1005
1 5 470 110 490 938 988 543 1008 1203
1 5 938 490 117 491 1203 1008 564 1009
1 5 487 938 491 116 1005 1203 1009 561
1 5 540 988 1203 1005 133 542 1010 559
1 5 988 543 1008 1203 542 134 562 1010
1 5 1203 1008 564 1009 1010 562 141 563
1 5 1005 1203 1009 561 559 1010 563 140
1 5 110 473 941 490 543 991 1204 1008
1 5 473 111 493 941 991 546 1011 1204
1 5 941 493 118 494 1204 1011 567 1012
1 5 490 941 494 117 1008 1204 1012 564
1 5 543 991 1204 1008 134 545 1013 562
1 5 991 546 1011 1204 545 135 565 1013
1 5 1204 1011 567 1012 1013 565 142 566
1 5 1008 1204 1012 564 562 1013 566 141
1 5 111 476 944 493 546 994 1205 1011
1 5 476 112 496 944 994 549 1014 1205
1 5 944 496 119 497 1205 1014 570 1015
1 5 493 944 497 118 1011 1205 1015 567
1 5 546 994 1205 1011 135 548 1016 565
1 5 994 549 1014 1205 548 136 568 1016
1 5 1205 1014 570 1015 1016 568 143 569
1 5 1011 1205 1015 567 565 1016 569 142
1 5 112 478 946 496 549 996 1206 1014
1 5 496 946 499 119 1014 1206 1017 570
1 5 549 996 1206 1014 136 550 1018 568
1 5 1014 1206 1017 570 568 1018 571 143
1 5 950 502 121 503 1207 1020 576 1021
1 5 1207 1020 576 1021 1022 574 145 575
1 5 953 505 122 506 1208 1023 579 1024
1 5 502 953 506 121 1020 1208 1024 576
1 5 1208 1023 579 1024 1025 577 146 578
1 5 1020 1208 1024 576 574 1025 578 145
1 5 505 955 508 122 1023 1209 1026 579
1 5 1023 1209 1026 579 577 1027 580 146
1 5 959 509 124 510 1210 1028 584 1029
1 5 511 959 510 123 1030 1210 1029 585
1 5 1210 1028 584 1029 1031 581 148 582
1 5 1030 1210 1029 585 583 1031 582 147
1 5 962 514 125 515 1211 1032 588 1033
1 5 509 962 515 124 1028 1211 1033 584
1 5 1211 1032 588 1033 1034 586 149 587
1 5 1028 1211 1033 584 581 1034 587 148
1 5 965 517 126 518 1212 1035 591 1036
1 5 514 965 518 125 1032 1212 1036 588
1 5 1212 1035 591 1036 1037 589 150 590
1 5 1032 1212 1036 588 586 1037 590 149
1 5 500 120 520 968 1019 573 1038 1213
1 5 968 520 127 521 1213 1038 594 1039
1 5 517 968 521 126 1035 1213 1039 591
1 5 1019 573 1038 1213 572 144 592 1040
1 5 1213 1038 594 1039 1040 592 151 593
1 5 1035 1213 1039 591 589 1040 593 150
1 5 120 503 971 520 573 1021 1214 1038
1 5 503 121 523 971 1021 576 1041 1214
1 5 971 523 128 524 1214 1041 597 1042
1 5 520 971 524 127 1038 1214 1042 594
1 5 573 1021 1214 1038 144 575 1043 592
1 5 1021 576 1041 1214 575 145 595 1043
1 5 1214 1041 597 1042 1043 595 152 596
1 5 1038 1214 1042 594 592 1043 596 151
1 5 121 506 974 523 576 1024 1215 1041
1 5 506 122 526 974 1024 579 1044 1215
1 5 974 526 129 527 1215 1044 600 1045
1 5 523 974 527 128 1041 1215 1045 597
1 5 576 1024 1215 1041 145 578 1046 595
1 5 1024 579 1044 1215 578 146 598 1046
1 5 1215 1044 600 1045 1046 598 153 599
1 5 1041 1215 1045 597 595 1046 599 152
1 5 122 508 976 526 579 1026 1216 1044
1 5 526 976 529 129 1044 1216 1047 600
1 5 579 1026 1216 1044 146 580 1048 598
1 5 1044 1216 1047 600 598 1048 601 153
1 5 123 510 980 532 585 1029 1217 1051
1 5 510 124 530 980 1029 584 1049 1217
1 5 980 530 131 531 1217 1049 605 1050
1 5 532 980 531 130 1051 1217 1050 606
1 5 585 1029 1217 1051 147 582 1052 604
1 5 1029 584 1049 1217 582 148 602 1052
1 5 1217 1049 605 1050 1052 602 155 603
1 5 1051 1217 1050 606 604 1052 603 154
1 5 124 515 983 530 584 1033 1218 1049
1 5 515 125 535 983 1033 588 1053 1218
1 5 983 535 132 536 1218 1053 609 1054
1 5 530 983 536 131 1049 1218 1054 605
1 5 584 1033 1218 1049 148 587 1055 602
1 5 1033 588 1053 1218 587 149 607 1055
1 5 1218 1053 609 1054 1055 607 156 608
1 5 1049 1218 1054 605 602 1055 608 155
1 5 125 518 986 535 588 1036 1219 1053
1 5 518 126 538 986 1036 591 1056 1219
1 5 986 538 133 539 1219 1056 612 1057
1 5 535 986 539 132 1053 1219 1057 609
1 5 588 1036 1219 1053 149 590 1058 607
1 5 1036 591 1056 1219 590 150 610 1058
1 5 1219 1056 612 1057 1058 610 157 611
1 5 1053 1219 1057 609 607 1058 611 156
1 5 126 521 989 538 591 1039 1220 1056
1 5 521 127 541 989 1039 594 1059 1220
1 5 989 541 134 542 1220 1059 615 1060
1 5 538 989 542 133 1056 1220 1060 612
1 5 591 1039 1220 1056 150 593 1061 610
1 5 1039 594 1059 1220 593 151 613 1061
1 5 1220 1059 615 1060 1061 613 158 614
1 5 1056 1220 1060 612 610 1061 614 157
1 5 127 524 992 541 594 1042 1221 1059
1 5 524 128 544 992 1042 597 1062 1221
1 5 992 544 135 545 1221 1062 618 1063
1 5 541 992 545 134 1059 1221 1063 615
1 5 594 1042 1221 1059 151 596 1064 613
1 5 1042 597 1062 1221 596 152 616 1064
1 5 1221 1062 618 1063 1064 616 159 617
1 5 1059 1221 1063 615 613 1064 617 158
1 5 128 527 995 544 597 1045 1222 1062
1 5 527 129 547 995 1045 600 1065 1222
1 5 995 547 136 548 1222 1065 621 1066
1 5 544 995 548 135 1062 1222 1066 618
1 5 597 1045 1222 1062 152 599 1067 616
1 5 1045 600 1065 1222 599 153 619 1067
1 5 1222 1065 621 1066 1067 619 160 620
1 5 1062 1222 1066 618 616 1067 620 159
1 5 129 529 997 547 600 1047 1223 1065
1 5 547 997 550 136 1065 1223 1068 621
1 5 600 1047 1223 1065 153 601 1069 619
1 5 1065 1223 1068 621 619 1069 622 160
1 5 130 531 1001 553 606 1050 1224 1072
1 5 531 131 551 1001 1050 605 1070 1224
1 5 1001 551 138 552 1224 1070 626 1071
1 5 553 1001 552 137 1072 1224 1071 627
1 5 606 1050 1224 1072 154 603 1073 625
1 5 1050 605 1070 1224 603 155 623 1073
1 5 1224 1070 626 1071 1073 623 162 624
1 5 1072 1224 1071 627 625 1073 624 161
1 5 131 536 1004 551 605 1054 1225 1070
1 5 536 132 556 1004 1054 609 1074 1225
1 5 1004 556 139 557 1225 1074 630 1075
1 5 551 1004 557 138 1070 1225 1075 626
1 5 605 1054 1225 1070 155 608 1076 623
1 5 1054 609 1074 1225 608 156 628 1076
1 5 1225 1074 630 1075 1076 628 163 629
1 5 1070 1225 1075 626 623 1076 629 162
1 5 132 539 1007 556 609 1057 1226 1074
1 5 539 133 559 1007 1057 612 1077 1226
1 5 1007 559 140 560 1226 1077 633 1078
1 5 556 1007 560 139 1074 1226 1078 630
1 5 609 1057 1226 1074 156 611 1079 628
1 5 1057 612 1077 1226 611 157 631 1079
1 5 1226 1077 633 1078 1079 631 164 632
1 5 1074 1226 1078 630 628 1079 632 163
1 5 133 542 1010 559 612 1060 1227 1077
1 5 542 134 562 1010 1060 615 1080 1227
1 5 1010 562 141 563 1227 1080 636 1081
1 5 559 1010 563 140 1077 1227 1081 633
1 5 612 1060 1227 1077 157 614 1082 631
1 5 1060 615 1080 1227 614 158 634 1082
1 5 1227 1080 636 1081 1082 634 165 635
1 5 1077 1227 1081 633 631 1082 635 164
1 5 134 545 1013 562 615 1063 1228 1080
1 5 545 135 565 1013 1063 618 1083 1228
1 5 1013 565 142 566 1228 1083 639 1084
1 5 562 1013 566 141 1080 1228 1084 636
1 5 615 1063 1228 1080 158 617 1085 634
1 5 1063 618 1083 1228 617 159 637 1085
1 5 1228 1083 639 1084 1085 637 166 638
1 5 1080 1228 1084 636 634 1085 638 165
1 5 135 548 1016 565 618 1066 1229 1083
1 5 548 136 568 1016 1066 621 1086 1229
1 5 1016 568 143 569 1229 1086 642 1087
1 5 565 1016 569 142 1083 1229 1087 639
1 5 618 1066 1229 1083 159 620 1088 637
1 5 1066 621 1086 1229 620 160 640 1088
1 5 1229 1086 642 1087 1088 640 167 641
1 5 1083 1229 1087 639 637 1088 641 166
1 5 136 550 1018 568 621 1068 1230 1086
1 5 568 1018 571 143 1086 1230 1089 642
1 5 621 1068 1230 1086 160 622 1090 640
1 5 1086 1230 1089 642 640 1090 643 167

boundary
358
1 3 645 172 1 171
1 3 171 1 177 649
1 3 649 177 2 176
1 3 655 188 5 187
1 3 187 5 193 659
1 3 659 193 6 192
1 3 192 6 198 663
1 3 663 198 7 197
1 3 168 663 197 0
1 3 0 197 667 172
1 3 197 7 203 667
1 3 667 203 8 202
1 3 172 667 202 1
1 3 1 202 671 177
1 3 202 8 208 671
1 3 671 208 9 207
1 3 177 671 207 2
1 3 2 207 675 181
1 3 207 9 212 675
1 3 3 216 678 183
1 3 216 10 215 678
1 3 678 215 11 214
1 3 183 678 214 4
1 3 4 214 683 188
1 3 214 11 223 683
1 3 683 223 12 222
1 3 188 683 222 5
1 3 5 222 687 193
1 3 222 12 228 687
1 3 687 228 13 227
1 3 193 687 227 6
1 3 6 227 691 198
1 3 227 13 233 691
1 3 691 233 14 232
1 3 198 691 232 7
1 3 7 232 695 203
1 3 232 14 238 695
1 3 695 238 15 237
1 3 203 695 237 8
1 3 8 237 699 208
1 3 237 15 243 699
1 3 699 243 16 242
1 3 208 699 242 9
1 3 9 242 703 212
1 3 242 16 247 703
1 3 10 251 706 215
1 3 251 17 250 706
1 3 706 250 18 249
1 3 215 706 249 11
1 3 11 249 711 223
1 3 249 18 258 711
1 3 711 258 19 257
1 3 223 711 257 12
1 3 12 257 715 228
1 3 257 19 263 715
1 3 715 263 20 262
1 3 228 715 262 13
1 3 13 262 719 233
1 3 262 20 268 719
1 3 719 268 21 267
1 3 233 719 267 14
1 3 14 267 723 238
1 3 267 21 273 723
1 3 723 273 22 272
1 3 238 723 272 15
1 3 15 272 727 243
1 3 272 22 278 727
1 3 727 278 23 277
1 3 243 727 277 16
1 3 16 277 731 247
1 3 277 23 282 731
6 3 1022 574 145 575
6 3 1025 577 146 578
6 3 574 1025 578 145
6 3 577 1027 580 146
6 3 1031 581 148 582
6 3 583 1031 582 147
6 3 1034 586 149 587
6 3 581 1034 587 148
6 3 1037 589 150 590
6 3 586 1037 590 149
6 3 572 144 592 1040
6 3 1040 592 151 593
6 3 589 1040 593 150
6 3 144 575 1043 592
6 3 575 145 595 1043
6 3 1043 595 152 596
6 3 592 1043 596 151
6 3 145 578 1046 595
6 3 578 146 598 1046
6 3 1046 598 153 599
6 3 595 1046 599 152
6 3 146 580 1048 598
6 3 598 1048 601 153
6 3 147 582 1052 604
6 3 582 148 602 1052
6 3 1052 602 155 603
6 3 604 1052 603 154
6 3 148 587 1055 602
6 3 587 149 607 1055
6 3 1055 607 156 608
6 3 602 1055 608 155
6 3 149 590 1058 607
6 3 590 150 610 1058
6 3 1058 610 157 611
6 3 607 1058 611 156
6 3 150 593 1061 610
6 3 593 151 613 1061
6 3 1061 613 158 614
6 3 610 1061 614 157
6 3 151 596 1064 613
6 3 596 152 616 1064
6 3 1064 616 159 617
6 3 613 1064 617 158
6 3 152 599 1067 616
6 3 599 153 619 1067
6 3 1067 619 160 620
6 3 616 1067 620 159
6 3 153 601 1069 619
6 3 619 1069 622 160
6 3 154 603 1073 625
6 3 603 155 623 1073
6 3 1073 623 162 624
6 3 625 1073 624 161
6 3 155 608 1076 623
6 3 608 156 628 1076
6 3 1076 628 163 629
6 3 623 1076 629 162
6 3 156 611 1079 628
6 3 611 157 631 1079
6 3 1079 631 164 632
6 3 628 1079 632 163
6 3 157 614 1082 631
6 3 614 158 634 1082
6 3 1082 634 165 635
6 3 631 1082 635 164
6 3 158 617 1085 634
6 3 617 159 637 1085
6 3 1085 637 166 638
6 3 634 1085 638 165
6 3 159 620 1088 637
6 3 620 160 640 1088
6 3 1088 640 167 641
6 3 637 1088 641 166
6 3 160 622 1090 640
6 3 640 1090 643 167
5 3 3 186 681 216
5 3 186 27 219 681
5 3 681 219 34 221
5 3 216 681 221 10
5 3 10 221 709 251
5 3 221 34 254 709
5 3 709 254 41 256
5 3 251 709 256 17
5 3 27 297 763 219
5 3 297 51 316 763
5 3 763 316 58 318
5 3 219 763 318 34
5 3 34 318 784 254
5 3 318 58 337 784
5 3 784 337 65 339
5 3 254 784 339 41
5 3 814 367 75 369
5 3 295 814 369 51
5 3 51 369 835 316
5 3 369 75 388 835
5 3 835 388 82 390
5 3 316 835 390 58
5 3 58 390 856 337
5 3 390 82 409 856
5 3 856 409 89 411
5 3 337 856 411 65
5 3 886 439 99 441
5 3 367 886 441 75
5 3 75 441 907 388
5 3 441 99 460 907
5 3 907 460 106 462
5 3 388 907 462 82
5 3 82 462 928 409
5 3 462 106 481 928
5 3 928 481 113 483
5 3 409 928 483 89
5 3 958 511 123 513
5 3 439 958 513 99
5 3 99 513 979 460
5 3 513 123 532 979
5 3 979 532 130 534
5 3 460 979 534 106
5 3 106 534 1000 481
5 3 534 130 553 1000
5 3 1000 553 137 555
5 3 481 1000 555 113
5 3 1030 583 147 585
5 3 511 1030 585 123
5 3 123 585 1051 532
5 3 585 147 604 1051
5 3 1051 604 154 606
5 3 532 1051 606 130
5 3 130 606 1072 553
5 3 606 154 625 1072
5 3 1072 625 161 627
5 3 553 1072 627 137
4 3 17 256 708 250
4 3 256 41 253 708
4 3 708 253 42 255
4 3 250 708 255 18
4 3 41 339 783 253
4 3 339 65 336 783
4 3 783 336 66 338
4 3 253 783 338 42
4 3 65 411 855 336
4 3 411 89 408 855
4 3 855 408 90 410
4 3 336 855 410 66
4 3 89 483 927 408
4 3 483 113 480 927
4 3 927 480 114 482
4 3 408 927 482 90
4 3 113 555 999 480
4 3 555 137 552 999
4 3 999 552 138 554
4 3 480 999 554 114
4 3 137 627 1071 552
4 3 627 161 624 1071
4 3 1071 624 162 626
4 3 552 1071 626 138
4 3 18 255 713 258
4 3 255 42 260 713
4 3 713 260 43 261
4 3 258 713 261 19
4 3 42 338 787 260
4 3 338 66 341 787
4 3 787 341 67 342
4 3 260 787 342 43
4 3 66 410 859 341
4 3 410 90 413 859
4 3 859 413 91 414
4 3 341 859 414 67
4 3 90 482 931 413
4 3 482 114 485 931
4 3 931 485 115 486
4 3 413 931 486 91
4 3 114 554 1003 485
4 3 554 138 557 1003
4 3 1003 557 139 558
4 3 485 1003 558 115
4 3 138 626 1075 557
4 3 626 162 629 1075
4 3 1075 629 163 630
4 3 557 1075 630 139
4 3 19 261 717 263
4 3 261 43 265 717
4 3 717 265 44 266
4 3 263 717 266 20
4 3 43 342 790 265
4 3 342 67 344 790
4 3 790 344 68 345
4 3 265 790 345 44
4 3 67 414 862 344
4 3 414 91 416 862
4 3 862 416 92 417
4 3 344 862 417 68
4 3 91 486 934 416
4 3 486 115 488 934
4 3 934 488 116 489
4 3 416 934 489 92
4 3 115 558 1006 488
4 3 558 139 560 1006
4 3 1006 560 140 561
4 3 488 1006 561 116
4 3 139 630 1078 560
4 3 630 163 632 1078
4 3 1078 632 164 633
4 3 560 1078 633 140
4 3 20 266 721 268
4 3 266 44 270 721
4 3 721 270 45 271
4 3 268 721 271 21
4 3 44 345 793 270
4 3 345 68 347 793
4 3 793 347 69 348
4 3 270 793 348 45
4 3 68 417 865 347
4 3 417 92 419 865
4 3 865 419 93 420
4 3 347 865 420 69
4 3 92 489 937 419
4 3 489 116 491 937
4 3 937 491 117 492
4 3 419 937 492 93
4 3 116 561 1009 491
4 3 561 140 563 1009
4 3 1009 563 141 564
4 3 491 1009 564 117
4 3 140 633 1081 563
4 3 633 164 635 1081
4 3 1081 635 165 636
4 3 563 1081 636 141
4 3 21 271 725 273
4 3 271 45 275 725
4 3 725 275 46 276
4 3 273 725 276 22
4 3 45 348 796 275
4 3 348 69 350 796
4 3 796 350 70 351
4 3 275 796 351 46
4 3 69 420 868 350
4 3 420 93 422 868
4 3 868 422 94 423
4 3 350 868 423 70
4 3 93 492 940 422
4 3 492 117 494 940
4 3 940 494 118 495
4 3 422 940 495 94
4 3 117 564 1012 494
4 3 564 141 566 1012
4 3 1012 566 142 567
4 3 494 1012 567 118
4 3 141 636 1084 566
4 3 636 165 638 1084
4 3 1084 638 166 639
4 3 566 1084 639 142
4 3 22 276 729 278
4 3 276 46 280 729
4 3 729 280 47 281
4 3 278 729 281 23
4 3 46 351 799 280
4 3 351 70 353 799
4 3 799 353 71 354
4 3 280 799 354 47
4 3 70 423 871 353
4 3 423 94 425 871
4 3 871 425 95 426
4 3 353 871 426 71
4 3 94 495 943 425
4 3 495 118 497 943
4 3 943 497 119 498
4 3 425 943 498 95
4 3 118 567 1015 497
4 3 567 142 569 1015
4 3 1015 569 143 570
4 3 497 1015 570 119
4 3 142 639 1087 569
4 3 639 166 641 1087
4 3 1087 641 167 642
4 3 569 1087 642 143
4 3 23 281 732 282
4 3 281 47 283 732
4 3 47 354 801 283
4 3 354 71 355 801
4 3 71 426 873 355
4 3 426 95 427 873
4 3 95 498 945 427
4 3 498 119 499 945
4 3 119 570 1017 499
4 3 570 143 571 1017
4 3 143 642 1089 571
4 3 642 167 643 1089

vertices
1231

nodes
FiniteElementSpace
FiniteElementCollection: H1_3D_P1
VDim: 3
