MFEM mesh v1.2

#
# MFEM Geometry Types (see mesh/geom.hpp):
#
# POINT       = 0
# SEGMENT     = 1
# TRIANGLE    = 2
# SQUARE      = 3
# TETRAHEDRON = 4
# CUBE        = 5
# PRISM       = 6
# PYRAMID     = 7
#

dimension
3

elements
198
1 5 182 48 0 49 304 183 52 184
1 5 304 183 52 184 185 50 6 51
1 5 186 53 1 54 305 187 57 188
1 5 48 186 54 0 183 305 188 52
1 5 305 187 57 188 189 55 7 56
1 5 183 305 188 52 50 189 56 6
1 5 190 58 2 59 306 191 62 192
1 5 53 190 59 1 187 306 192 57
1 5 306 191 62 192 193 60 8 61
1 5 187 306 192 57 55 193 61 7
1 5 49 0 64 195 184 52 196 307
1 5 195 64 3 65 307 196 68 197
1 5 184 52 196 307 51 6 66 198
1 5 307 196 68 197 198 66 9 67
1 5 0 54 199 64 52 188 308 196
1 5 54 1 69 199 188 57 200 308
1 5 199 69 4 70 308 200 73 201
1 5 64 199 70 3 196 308 201 68
1 5 52 188 308 196 6 56 202 66
1 5 188 57 200 308 56 7 71 202
1 5 308 200 73 201 202 71 10 72
1 5 196 308 201 68 66 202 72 9
1 5 1 59 203 69 57 192 309 200
1 5 59 2 74 203 192 62 204 309
1 5 203 74 5 75 309 204 78 205
1 5 69 203 75 4 200 309 205 73
1 5 57 192 309 200 7 61 206 71
1 5 192 62 204 309 61 8 76 206
1 5 309 204 78 205 206 76 11 77
1 5 200 309 205 73 71 206 77 10
1 5 310 208 83 209 211 80 13 81
1 5 210 310 209 84 82 211 81 12
1 5 185 50 6 51 311 212 87 213
1 5 311 212 87 213 214 85 14 86
1 5 208 311 213 83 80 214 86 13
1 5 189 55 7 56 312 215 90 216
1 5 50 189 56 6 212 312 216 87
1 5 312 215 90 216 217 88 15 89
1 5 212 312 216 87 85 217 89 14
1 5 193 60 8 61 313 218 93 219
1 5 55 193 61 7 215 313 219 90
1 5 313 218 93 219 220 91 16 92
1 5 215 313 219 90 88 220 92 15
1 5 60 194 63 8 218 314 221 93
1 5 218 314 221 93 91 222 94 16
1 5 84 209 315 225 12 81 226 97
1 5 209 83 223 315 81 13 95 226
1 5 315 223 98 224 226 95 18 96
1 5 225 315 224 99 97 226 96 17
1 5 51 6 66 198 213 87 227 316
1 5 198 66 9 67 316 227 102 228
1 5 83 213 316 223 13 86 229 95
1 5 213 87 227 316 86 14 100 229
1 5 316 227 102 228 229 100 19 101
1 5 223 316 228 98 95 229 101 18
1 5 6 56 202 66 87 216 317 227
1 5 56 7 71 202 216 90 230 317
1 5 202 71 10 72 317 230 105 231
1 5 66 202 72 9 227 317 231 102
1 5 87 216 317 227 14 89 232 100
1 5 216 90 230 317 89 15 103 232
1 5 317 230 105 231 232 103 20 104
1 5 227 317 231 102 100 232 104 19
1 5 7 61 206 71 90 219 318 230
1 5 61 8 76 206 219 93 233 318
1 5 206 76 11 77 318 233 108 234
1 5 71 206 77 10 230 318 234 105
1 5 90 219 318 230 15 92 235 103
1 5 219 93 233 318 92 16 106 235
1 5 318 233 108 234 235 106 21 107
1 5 230 318 234 105 103 235 107 20
1 5 8 63 207 76 93 221 319 233
1 5 76 207 79 11 233 319 236 108
1 5 93 221 319 233 16 94 237 106
1 5 233 319 236 108 106 237 109 21
1 5 211 80 13 81 320 241 119 242
1 5 82 211 81 12 243 320 242 120
1 5 320 241 119 242 244 116 26 117
1 5 243 320 242 120 118 244 117 25
1 5 214 85 14 86 321 245 123 246
1 5 80 214 86 13 241 321 246 119
1 5 321 245 123 246 247 121 27 122
1 5 241 321 246 119 116 247 122 26
1 5 217 88 15 89 322 248 126 249
1 5 85 217 89 14 245 322 249 123
1 5 110 238 322 245 22 111 250 121
1 5 238 112 248 322 111 23 124 250
1 5 322 248 126 249 250 124 28 125
1 5 245 322 249 123 121 250 125 27
1 5 220 91 16 92 323 251 129 252
1 5 88 220 92 15 248 323 252 126
1 5 112 239 323 248 23 113 253 124
1 5 239 114 251 323 113 24 127 253
1 5 323 251 129 252 253 127 29 128
1 5 248 323 252 126 124 253 128 28
1 5 91 222 94 16 251 324 254 129
1 5 114 240 324 251 24 115 255 127
1 5 251 324 254 129 127 255 130 29
1 5 12 81 226 97 120 242 325 258
1 5 81 13 95 226 242 119 256 325
1 5 226 95 18 96 325 256 134 257
1 5 97 226 96 17 258 325 257 135
1 5 120 242 325 258 25 117 259 133
1 5 242 119 256 325 117 26 131 259
1 5 325 256 134 257 259 131 31 132
1 5 258 325 257 135 133 259 132 30
1 5 13 86 229 95 119 246 326 256
1 5 86 14 100 229 246 123 260 326
1 5 229 100 19 101 326 260 138 261
1 5 95 229 101 18 256 326 261 134
1 5 119 246 326 256 26 122 262 131
1 5 246 123 260 326 122 27 136 262
1 5 326 260 138 261 262 136 32 137
1 5 256 326 261 134 131 262 137 31
1 5 14 89 232 100 123 249 327 260
1 5 89 15 103 232 249 126 263 327
1 5 232 103 20 104 327 263 141 264
1 5 100 232 104 19 260 327 264 138
1 5 123 249 327 260 27 125 265 136
1 5 249 126 263 327 125 28 139 265
1 5 327 263 141 264 265 139 33 140
1 5 260 327 264 138 136 265 140 32
1 5 15 92 235 103 126 252 328 263
1 5 92 16 106 235 252 129 266 328
1 5 235 106 21 107 328 266 144 267
1 5 103 235 107 20 263 328 267 141
1 5 126 252 328 263 28 128 268 139
1 5 252 129 266 328 128 29 142 268
1 5 328 266 144 267 268 142 34 143
1 5 263 328 267 141 139 268 143 33
1 5 16 94 237 106 129 254 329 266
1 5 106 237 109 21 266 329 269 144
1 5 129 254 329 266 29 130 270 142
1 5 266 329 269 144 142 270 145 34
1 5 244 116 26 117 330 274 155 275
1 5 118 244 117 25 276 330 275 156
1 5 330 274 155 275 277 152 39 153
1 5 276 330 275 156 154 277 153 38
1 5 247 121 27 122 331 278 159 279
1 5 116 247 122 26 274 331 279 155
1 5 331 278 159 279 280 157 40 158
1 5 274 331 279 155 152 280 158 39
1 5 22 111 250 121 146 271 332 278
1 5 111 23 124 250 271 148 281 332
1 5 250 124 28 125 332 281 162 282
1 5 121 250 125 27 278 332 282 159
1 5 146 271 332 278 35 147 283 157
1 5 271 148 281 332 147 36 160 283
1 5 332 281 162 282 283 160 41 161
1 5 278 332 282 159 157 283 161 40
1 5 23 113 253 124 148 272 333 281
1 5 113 24 127 253 272 150 284 333
1 5 253 127 29 128 333 284 165 285
1 5 124 253 128 28 281 333 285 162
1 5 148 272 333 281 36 149 286 160
1 5 272 150 284 333 149 37 163 286
1 5 333 284 165 285 286 163 42 164
1 5 281 333 285 162 160 286 164 41
1 5 24 115 255 127 150 273 334 284
1 5 127 255 130 29 284 334 287 165
1 5 150 273 334 284 37 151 288 163
1 5 284 334 287 165 163 288 166 42
1 5 25 117 259 133 156 275 335 291
1 5 117 26 131 259 275 155 289 335
1 5 259 131 31 132 335 289 170 290
1 5 133 259 132 30 291 335 290 171
1 5 156 275 335 291 38 153 292 169
1 5 275 155 289 335 153 39 167 292
1 5 335 289 170 290 292 167 44 168
1 5 291 335 290 171 169 292 168 43
1 5 26 122 262 131 155 279 336 289
1 5 122 27 136 262 279 159 293 336
1 5 262 136 32 137 336 293 174 294
1 5 131 262 137 31 289 336 294 170
1 5 155 279 336 289 39 158 295 167
1 5 279 159 293 336 158 40 172 295
1 5 336 293 174 294 295 172 45 173
1 5 289 336 294 170 167 295 173 44
1 5 27 125 265 136 159 282 337 293
1 5 125 28 139 265 282 162 296 337
1 5 265 139 33 140 337 296 177 297
1 5 136 265 140 32 293 337 297 174
1 5 159 282 337 293 40 161 298 172
1 5 282 162 296 337 161 41 175 298
1 5 337 296 177 297 298 175 46 176
1 5 293 337 297 174 172 298 176 45
1 5 28 128 268 139 162 285 338 296
1 5 128 29 142 268 285 165 299 338
1 5 268 142 34 143 338 299 180 300
1 5 139 268 143 33 296 338 300 177
1 5 162 285 338 296 41 164 301 175
1 5 285 165 299 338 164 42 178 301
1 5 338 299 180 300 301 178 47 179
1 5 296 338 300 177 175 301 179 46
1 5 29 130 270 142 165 287 339 299
1 5 142 270 145 34 299 339 302 180
1 5 165 287 339 299 42 166 303 178
1 5 299 339 302 180 178 303 181 47

boundary
123
1 3 182 49 0 48
1 3 48 0 54 186
1 3 186 54 1 53
1 3 53 1 59 190
1 3 190 59 2 58
1 3 195 65 3 64
1 3 49 195 64 0
1 3 0 64 199 54
1 3 64 3 70 199
1 3 199 70 4 69
1 3 54 199 69 1
1 3 1 69 203 59
1 3 69 4 75 203
1 3 203 75 5 74
1 3 59 203 74 2
6 3 277 152 39 153
6 3 154 277 153 38
6 3 280 157 40 158
6 3 152 280 158 39
6 3 35 147 283 157
6 3 147 36 160 283
6 3 283 160 41 161
6 3 157 283 161 40
6 3 36 149 286 160
6 3 149 37 163 286
6 3 286 163 42 164
6 3 160 286 164 41
6 3 37 151 288 163
6 3 163 288 166 42
6 3 38 153 292 169
6 3 153 39 167 292
6 3 292 167 44 168
6 3 169 292 168 43
6 3 39 158 295 167
6 3 158 40 172 295
6 3 295 172 45 173
6 3 167 295 173 44
6 3 40 161 298 172
6 3 161 41 175 298
6 3 298 175 46 176
6 3 172 298 176 45
6 3 41 164 301 175
6 3 164 42 178 301
6 3 301 178 47 179
6 3 175 301 179 46
6 3 42 166 303 178
6 3 178 303 181 47
5 3 210 82 12 84
5 3 84 12 97 225
5 3 225 97 17 99
5 3 243 118 25 120
5 3 82 243 120 12
5 3 12 120 258 97
5 3 120 25 133 258
5 3 258 133 30 135
5 3 97 258 135 17
5 3 276 154 38 156
5 3 118 276 156 25
5 3 25 156 291 133
5 3 156 38 169 291
5 3 291 169 43 171
5 3 133 291 171 30
4 3 99 17 96 224
4 3 224 96 18 98
4 3 17 135 257 96
4 3 135 30 132 257
4 3 257 132 31 134
4 3 96 257 134 18
4 3 30 171 290 132
4 3 171 43 168 290
4 3 290 168 44 170
4 3 132 290 170 31
4 3 197 67 9 68
4 3 65 197 68 3
4 3 98 18 101 228
4 3 228 101 19 102
4 3 67 228 102 9
4 3 18 134 261 101
4 3 134 31 137 261
4 3 261 137 32 138
4 3 101 261 138 19
4 3 31 170 294 137
4 3 170 44 173 294
4 3 294 173 45 174
4 3 137 294 174 32
4 3 3 68 201 70
4 3 68 9 72 201
4 3 201 72 10 73
4 3 70 201 73 4
4 3 9 102 231 72
4 3 102 19 104 231
4 3 231 104 20 105
4 3 72 231 105 10
4 3 19 138 264 104
4 3 138 32 140 264
4 3 264 140 33 141
4 3 104 264 141 20
4 3 32 174 297 140
4 3 174 45 176 297
4 3 297 176 46 177
4 3 140 297 177 33
4 3 4 73 205 75
4 3 73 10 77 205
4 3 205 77 11 78
4 3 75 205 78 5
4 3 10 105 234 77
4 3 105 20 107 234
4 3 234 107 21 108
4 3 77 234 108 11
4 3 20 141 267 107
4 3 141 33 143 267
4 3 267 143 34 144
4 3 107 267 144 21
4 3 33 177 300 143
4 3 177 46 179 300
4 3 300 179 47 180
4 3 143 300 180 34
4 3 11 108 236 79
4 3 108 21 109 236
4 3 21 144 269 109
4 3 144 34 145 269
4 3 34 180 302 145
4 3 180 47 181 302

vertices
340

nodes
FiniteElementSpace
FiniteElementCollection: H1_3D_P1
VDim: 3
Ordering: 1

0.5 2.25 0
0.75 2.25 0
1 2.25 0
0.5 3 0
0.75 3 0
1 3 0
0.5 2.25 1.25
0.75 2.25 1.25
1 2.25 1.25
0.5 3 1.25
0.75 3 1.25
1 3 1.25
0 2.25 2.5
0.25 2.25 2.5
0.5 2.25 2.5
0.75 2.25 2.5
1 2.25 2.5
0 3 2.5
0.25 3 2.5
0.5 3 2.5
0.75 3 2.5
1 3 2.5
0.5 1.5 3.75
0.75 1.5 3.75
1 1.5 3.75
0 2.25 3.75
0.25 2.25 3.75
0.5 2.25 3.75
0.75 2.25 3.75
1 2.25 3.75
0 3 3.75
0.25 3 3.75
0.5 3 3.75
0.75 3 3.75
1 3 3.75
0.5 1.5 5
0.75 1.5 5
1 1.5 5
0 2.25 5
0.25 2.25 5
0.5 2.25 5
0.75 2.25 5
1 2.25 5
0 3 5
0.25 3 5
0.5 3 5
0.75 3 5
1 3 5
0.5 1.875 0
0.375 2.25 0
0.5 1.875 1.25
0.375 2.25 1.25
0.5 2.25 0.625
0.75 1.875 0
0.625 2.25 0
0.75 1.875 1.25
0.625 2.25 1.25
0.75 2.25 0.625
1 1.875 0
0.875 2.25 0
1 1.875 1.25
0.875 2.25 1.25
1 2.25 0.625
1.125 2.25 1.25
0.5 2.625 0
0.375 3 0
0.5 2.625 1.25
0.375 3 1.25
0.5 3 0.625
0.75 2.625 0
0.625 3 0
0.75 2.625 1.25
0.625 3 1.25
0.75 3 0.625
1 2.625 0
0.875 3 0
1 2.625 1.25
0.875 3 1.25
1 3 0.625
1.125 3 1.25
0.25 1.875 2.5
0.125 2.25 2.5
0 1.875 2.5
0.25 2.25 1.875
0 2.25 1.875
0.5 1.875 2.5
0.375 2.25 2.5
0.5 2.25 1.875
0.75 1.875 2.5
0.625 2.25 2.5
0.75 2.25 1.875
1 1.875 2.5
0.875 2.25 2.5
1 2.25 1.875
1.125 2.25 2.5
0.25 2.625 2.5
0.125 3 2.5
0 2.625 2.5
0.25 3 1.875
0 3 1.875
0.5 2.625 2.5
0.375 3 2.5
0.5 3 1.875
0.75 2.625 2.5
0.625 3 2.5
0.75 3 1.875
1 2.625 2.5
0.875 3 2.5
1 3 1.875
1.125 3 2.5
0.5 1.5 3.125
0.625 1.5 3.75
0.75 1.5 3.125
0.875 1.5 3.75
1 1.5 3.125
1.125 1.5 3.75
0.25 1.875 3.75
0.125 2.25 3.75
0 1.875 3.75
0.25 2.25 3.125
0 2.25 3.125
0.5 1.875 3.75
0.375 2.25 3.75
0.5 2.25 3.125
0.75 1.875 3.75
0.625 2.25 3.75
0.75 2.25 3.125
1 1.875 3.75
0.875 2.25 3.75
1 2.25 3.125
1.125 2.25 3.75
0.25 2.625 3.75
0.125 3 3.75
0 2.625 3.75
0.25 3 3.125
0 3 3.125
0.5 2.625 3.75
0.375 3 3.75
0.5 3 3.125
0.75 2.625 3.75
0.625 3 3.75
0.75 3 3.125
1 2.625 3.75
0.875 3 3.75
1 3 3.125
1.125 3 3.75
0.5 1.5 4.375
0.625 1.5 5
0.75 1.5 4.375
0.875 1.5 5
1 1.5 4.375
1.125 1.5 5
0.25 1.875 5
0.125 2.25 5
0 1.875 5
0.25 2.25 4.375
0 2.25 4.375
0.5 1.875 5
0.375 2.25 5
0.5 2.25 4.375
0.75 1.875 5
0.625 2.25 5
0.75 2.25 4.375
1 1.875 5
0.875 2.25 5
1 2.25 4.375
1.125 2.25 5
0.25 2.625 5
0.125 3 5
0 2.625 5
0.25 3 4.375
0 3 4.375
0.5 2.625 5
0.375 3 5
0.5 3 4.375
0.75 2.625 5
0.625 3 5
0.75 3 4.375
1 2.625 5
0.875 3 5
1 3 4.375
1.125 3 5
0.375 1.875 0
0.5 1.875 0.625
0.375 2.25 0.625
0.375 1.875 1.25
0.625 1.875 0
0.75 1.875 0.625
0.625 2.25 0.625
0.625 1.875 1.25
0.875 1.875 0
1 1.875 0.625
0.875 2.25 0.625
0.875 1.875 1.25
1.125 1.875 1.25
0.375 2.625 0
0.5 2.625 0.625
0.375 3 0.625
0.375 2.625 1.25
0.625 2.625 0
0.75 2.625 0.625
0.625 3 0.625
0.625 2.625 1.25
0.875 2.625 0
1 2.625 0.625
0.875 3 0.625
0.875 2.625 1.25
1.125 2.625 1.25
0.25 1.875 1.875
0.125 2.25 1.875
0 1.875 1.875
0.125 1.875 2.5
0.5 1.875 1.875
0.375 2.25 1.875
0.375 1.875 2.5
0.75 1.875 1.875
0.625 2.25 1.875
0.625 1.875 2.5
1 1.875 1.875
0.875 2.25 1.875
0.875 1.875 2.5
1.125 2.25 1.875
1.125 1.875 2.5
0.25 2.625 1.875
0.125 3 1.875
0 2.625 1.875
0.125 2.625 2.5
0.5 2.625 1.875
0.375 3 1.875
0.375 2.625 2.5
0.75 2.625 1.875
0.625 3 1.875
0.625 2.625 2.5
1 2.625 1.875
0.875 3 1.875
0.875 2.625 2.5
1.125 3 1.875
1.125 2.625 2.5
0.625 1.5 3.125
0.875 1.5 3.125
1.125 1.5 3.125
0.25 1.875 3.125
0.125 2.25 3.125
0 1.875 3.125
0.125 1.875 3.75
0.5 1.875 3.125
0.375 2.25 3.125
0.375 1.875 3.75
0.75 1.875 3.125
0.625 2.25 3.125
0.625 1.875 3.75
1 1.875 3.125
0.875 2.25 3.125
0.875 1.875 3.75
1.125 2.25 3.125
1.125 1.875 3.75
0.25 2.625 3.125
0.125 3 3.125
0 2.625 3.125
0.125 2.625 3.75
0.5 2.625 3.125
0.375 3 3.125
0.375 2.625 3.75
0.75 2.625 3.125
0.625 3 3.125
0.625 2.625 3.75
1 2.625 3.125
0.875 3 3.125
0.875 2.625 3.75
1.125 3 3.125
1.125 2.625 3.75
0.625 1.5 4.375
0.875 1.5 4.375
1.125 1.5 4.375
0.25 1.875 4.375
0.125 2.25 4.375
0 1.875 4.375
0.125 1.875 5
0.5 1.875 4.375
0.375 2.25 4.375
0.375 1.875 5
0.75 1.875 4.375
0.625 2.25 4.375
0.625 1.875 5
1 1.875 4.375
0.875 2.25 4.375
0.875 1.875 5
1.125 2.25 4.375
1.125 1.875 5
0.25 2.625 4.375
0.125 3 4.375
0 2.625 4.375
0.125 2.625 5
0.5 2.625 4.375
0.375 3 4.375
0.375 2.625 5
0.75 2.625 4.375
0.625 3 4.375
0.625 2.625 5
1 2.625 4.375
0.875 3 4.375
0.875 2.625 5
1.125 3 4.375
1.125 2.625 5
0.375 1.875 0.625
0.625 1.875 0.625
0.875 1.875 0.625
0.375 2.625 0.625
0.625 2.625 0.625
0.875 2.625 0.625
0.125 1.875 1.875
0.375 1.875 1.875
0.625 1.875 1.875
0.875 1.875 1.875
1.125 1.875 1.875
0.125 2.625 1.875
0.375 2.625 1.875
0.625 2.625 1.875
0.875 2.625 1.875
1.125 2.625 1.875
0.125 1.875 3.125
0.375 1.875 3.125
0.625 1.875 3.125
0.875 1.875 3.125
1.125 1.875 3.125
0.125 2.625 3.125
0.375 2.625 3.125
0.625 2.625 3.125
0.875 2.625 3.125
1.125 2.625 3.125
0.125 1.875 4.375
0.375 1.875 4.375
0.625 1.875 4.375
0.875 1.875 4.375
1.125 1.875 4.375
0.125 2.625 4.375
0.375 2.625 4.375
0.625 2.625 4.375
0.875 2.625 4.375
1.125 2.625 4.375
mfem_serial_mesh_end

communication_groups
number_of_groups 10

# number of entities in each group, followed by group ids in group
1 3
2 3 4
2 2 3
2 0 3
2 1 3
3 2 3 4
3 0 2 3
3 0 1 3
3 1 2 3
4 0 1 2 3

total_shared_vertices 142
total_shared_edges 258
total_shared_faces 117

# group 1
shared_vertices 55
48
49
50
51
65
67
80
82
83
84
98
99
116
118
121
152
154
157
182
183
184
185
195
197
198
208
209
210
211
212
213
214
223
224
225
228
241
243
244
247
274
276
277
278
280
304
307
310
311
315
316
320
321
330
331

shared_edges 103
182 304
48 182
183 304
48 183
49 182
184 304
49 184
185 304
50 185
50 183
51 185
51 184
48 186
183 305
50 189
49 195
184 307
195 307
65 195
197 307
65 197
51 198
198 307
67 198
67 197
210 310
208 310
83 208
83 209
209 310
84 209
84 210
82 211
211 310
82 210
80 211
80 208
208 311
185 311
212 311
50 212
213 311
51 213
83 213
80 214
214 311
85 214
85 212
212 312
209 315
225 315
84 225
83 223
223 315
98 223
98 224
224 315
99 224
99 225
213 316
223 316
198 316
228 316
67 228
98 228
243 320
211 320
82 243
241 320
80 241
118 244
244 320
118 243
116 244
116 241
241 321
214 321
245 321
116 247
247 321
22 121
121 247
121 245
276 330
244 330
118 276
274 330
116 274
154 277
277 330
154 276
152 277
152 274
274 331
247 331
146 278
278 331
121 278
152 280
280 331
35 157
157 280
157 278

shared_faces 48
3 48 182 304 183
3 49 182 304 184
3 183 304 185 50
3 184 304 185 51
3 186 48 183 305
3 305 183 50 189
3 49 195 307 184
3 65 195 307 197
3 184 307 198 51
3 197 307 198 67
3 310 208 83 209
3 210 310 209 84
3 310 210 82 211
3 208 310 211 80
3 50 185 311 212
3 51 185 311 213
3 208 311 213 83
3 311 208 80 214
3 212 311 214 85
3 189 50 212 312
3 312 212 85 217
3 84 209 315 225
3 209 83 223 315
3 315 223 98 224
3 225 315 224 99
3 51 198 316 213
3 83 213 316 223
3 67 198 316 228
3 223 316 228 98
3 211 82 243 320
3 80 211 320 241
3 320 243 118 244
3 241 320 244 116
3 214 80 241 321
3 85 214 321 245
3 321 241 116 247
3 110 245 121 22
3 245 321 247 121
3 244 118 276 330
3 116 244 330 274
3 330 276 154 277
3 274 330 277 152
3 247 116 274 331
3 22 121 278 146
3 121 247 331 278
3 331 274 152 280
3 146 278 157 35
3 278 331 280 157

# group 2
shared_vertices 32
23
24
36
37
53
55
88
91
111
112
113
114
147
148
149
150
187
190
193
215
218
220
238
239
248
251
271
272
306
313
322
323

shared_edges 72
53 186
187 305
53 187
55 189
55 187
53 190
187 306
190 306
58 190
191 306
55 193
193 306
60 193
215 312
55 215
88 217
88 215
215 313
193 313
218 313
60 218
88 220
220 313
91 220
91 218
218 314
91 222
112 238
110 238
23 111
23 112
111 238
22 111
114 239
112 239
24 113
24 114
113 239
23 113
114 240
24 115
238 322
245 322
217 322
112 248
248 322
88 248
239 323
248 323
220 323
114 251
251 323
91 251
251 324
148 271
23 148
111 271
146 271
36 147
36 148
147 271
35 147
150 272
24 150
113 272
148 272
37 149
37 150
149 272
36 149
150 273
37 151

shared_faces 39
3 53 186 305 187
3 187 305 189 55
3 190 53 187 306
3 58 190 306 191
3 306 187 55 193
3 191 306 193 60
3 55 189 312 215
3 215 312 217 88
3 193 55 215 313
3 60 193 313 218
3 313 215 88 220
3 218 313 220 91
3 194 60 218 314
3 314 218 91 222
3 112 238 111 23
3 238 110 22 111
3 114 239 113 24
3 239 112 23 113
3 240 114 24 115
3 217 85 245 322
3 110 238 322 245
3 88 217 322 248
3 238 112 248 322
3 220 88 248 323
3 112 239 323 248
3 91 220 323 251
3 239 114 251 323
3 222 91 251 324
3 114 240 324 251
3 23 111 271 148
3 111 22 146 271
3 148 271 147 36
3 271 146 35 147
3 24 113 272 150
3 113 23 148 272
3 150 272 149 37
3 272 148 36 149
3 115 24 150 273
3 273 150 37 151

# group 3
shared_vertices 12
2
5
8
11
62
63
74
76
78
79
204
207

shared_edges 24
2 58
62 191
2 62
8 60
8 62
63 194
8 63
2 74
62 204
74 204
5 74
78 204
5 78
8 76
76 204
11 76
11 78
63 207
76 207
79 207
11 79
63 221
207 319
79 236

shared_faces 12
3 58 2 62 191
3 191 62 8 60
3 60 194 63 8
3 2 74 204 62
3 74 5 78 204
3 62 204 76 8
3 204 78 11 76
3 8 63 207 76
3 76 207 79 11
3 63 194 314 221
3 63 207 319 221
3 79 207 319 236

# group 4
shared_vertices 18
94
109
130
145
166
181
237
254
255
269
270
287
288
302
303
329
334
339

shared_edges 36
94 222
94 221
94 237
237 319
109 237
109 236
254 324
94 254
115 255
255 324
130 255
130 254
254 329
237 329
269 329
109 269
130 270
270 329
145 270
145 269
273 334
255 334
287 334
130 287
151 288
288 334
166 288
166 287
287 339
270 339
302 339
145 302
166 303
303 339
181 303
181 302

shared_faces 18
3 221 314 222 94
3 221 319 237 94
3 236 319 237 109
3 94 222 324 254
3 240 324 255 115
3 254 324 255 130
3 94 237 329 254
3 109 237 329 269
3 254 329 270 130
3 269 329 270 145
3 115 255 334 273
3 130 255 334 287
3 273 334 288 151
3 287 334 288 166
3 130 270 339 287
3 145 270 339 302
3 287 339 303 166
3 302 339 303 181

# group 5
shared_vertices 11
22
35
85
110
146
186
189
217
245
305
312

shared_edges 10
186 305
189 305
189 312
85 217
217 312
22 110
110 245
85 245
22 146
35 146

shared_faces 0

# group 6
shared_vertices 4
58
60
191
194

shared_edges 4
58 191
60 191
60 194
194 314

shared_faces 0

# group 7
shared_vertices 3
221
236
319

shared_edges 3
221 314
221 319
236 319

shared_faces 0

# group 8
shared_vertices 6
115
151
222
240
273
324

shared_edges 6
222 314
115 240
240 324
222 324
115 273
151 273

shared_faces 0

# group 9
shared_vertices 1
314

shared_edges 0

shared_faces 0

mfem_mesh_end
