MFEM mesh v1.2

#
# MFEM Geometry Types (see mesh/geom.hpp):
#
# POINT       = 0
# SEGMENT     = 1
# TRIANGLE    = 2
# SQUARE      = 3
# TETRAHEDRON = 4
# CUBE        = 5
# PRISM       = 6
# PYRAMID     = 7
#

dimension
3

elements
206
1 5 53 0 54 192 193 59 194 314
1 5 192 54 4 55 314 194 60 195
1 5 193 59 194 314 56 22 57 196
1 5 314 194 60 195 196 57 26 58
1 5 0 61 197 54 59 198 315 194
1 5 61 1 62 197 198 67 199 315
1 5 197 62 5 63 315 199 68 200
1 5 54 197 63 4 194 315 200 60
1 5 59 198 315 194 22 64 201 57
1 5 198 67 199 315 64 23 65 201
1 5 315 199 68 200 201 65 27 66
1 5 194 315 200 60 57 201 66 26
1 5 1 69 202 62 67 203 316 199
1 5 69 2 70 202 203 75 204 316
1 5 202 70 6 71 316 204 76 205
1 5 62 202 71 5 199 316 205 68
1 5 67 203 316 199 23 72 206 65
1 5 203 75 204 316 72 24 73 206
1 5 316 204 76 205 206 73 28 74
1 5 199 316 205 68 65 206 74 27
1 5 2 77 207 70 75 208 317 204
1 5 77 3 78 207 208 83 209 317
1 5 207 78 7 79 317 209 84 210
1 5 70 207 79 6 204 317 210 76
1 5 75 208 317 204 24 80 211 73
1 5 208 83 209 317 80 25 81 211
1 5 317 209 84 210 211 81 29 82
1 5 204 317 210 76 73 211 82 28
1 5 55 4 85 212 195 60 213 318
1 5 212 85 8 86 318 213 89 214
1 5 195 60 213 318 58 26 87 215
1 5 318 213 89 214 215 87 30 88
1 5 4 63 216 85 60 200 319 213
1 5 63 5 90 216 200 68 217 319
1 5 216 90 9 91 319 217 94 218
1 5 85 216 91 8 213 319 218 89
1 5 60 200 319 213 26 66 219 87
1 5 200 68 217 319 66 27 92 219
1 5 319 217 94 218 219 92 31 93
1 5 213 319 218 89 87 219 93 30
1 5 5 71 220 90 68 205 320 217
1 5 71 6 95 220 205 76 221 320
1 5 220 95 10 96 320 221 99 222
1 5 90 220 96 9 217 320 222 94
1 5 68 205 320 217 27 74 223 92
1 5 205 76 221 320 74 28 97 223
1 5 320 221 99 222 223 97 32 98
1 5 217 320 222 94 92 223 98 31
1 5 6 79 224 95 76 210 321 221
1 5 79 7 100 224 210 84 225 321
1 5 224 100 11 101 321 225 104 226
1 5 95 224 101 10 221 321 226 99
1 5 76 210 321 221 28 82 227 97
1 5 210 84 225 321 82 29 102 227
1 5 321 225 104 226 227 102 33 103
1 5 221 321 226 99 97 227 103 32
1 5 86 8 108 229 214 89 230 322
1 5 229 108 13 109 322 230 112 231
1 5 105 229 109 12 228 322 231 107
1 5 214 89 230 322 88 30 110 232
1 5 322 230 112 231 232 110 35 111
1 5 228 322 231 107 106 232 111 34
1 5 8 91 233 108 89 218 323 230
1 5 91 9 113 233 218 94 234 323
1 5 233 113 14 114 323 234 117 235
1 5 108 233 114 13 230 323 235 112
1 5 89 218 323 230 30 93 236 110
1 5 218 94 234 323 93 31 115 236
1 5 323 234 117 235 236 115 36 116
1 5 230 323 235 112 110 236 116 35
1 5 9 96 237 113 94 222 324 234
1 5 96 10 118 237 222 99 238 324
1 5 237 118 15 119 324 238 122 239
1 5 113 237 119 14 234 324 239 117
1 5 94 222 324 234 31 98 240 115
1 5 222 99 238 324 98 32 120 240
1 5 324 238 122 239 240 120 37 121
1 5 234 324 239 117 115 240 121 36
1 5 10 101 241 118 99 226 325 238
1 5 101 11 123 241 226 104 242 325
1 5 241 123 16 124 325 242 127 243
1 5 118 241 124 15 238 325 243 122
1 5 99 226 325 238 32 103 244 120
1 5 226 104 242 325 103 33 125 244
1 5 325 242 127 243 244 125 38 126
1 5 238 325 243 122 120 244 126 37
1 5 12 109 246 128 107 231 326 245
1 5 109 13 131 246 231 112 247 326
1 5 246 131 18 132 326 247 135 248
1 5 128 246 132 17 245 326 248 130
1 5 107 231 326 245 34 111 249 129
1 5 231 112 247 326 111 35 133 249
1 5 326 247 135 248 249 133 40 134
1 5 245 326 248 130 129 249 134 39
1 5 13 114 250 131 112 235 327 247
1 5 114 14 136 250 235 117 251 327
1 5 250 136 19 137 327 251 140 252
1 5 131 250 137 18 247 327 252 135
1 5 112 235 327 247 35 116 253 133
1 5 235 117 251 327 116 36 138 253
1 5 327 251 140 252 253 138 41 139
1 5 247 327 252 135 133 253 139 40
1 5 14 119 254 136 117 239 328 251
1 5 119 15 141 254 239 122 255 328
1 5 254 141 20 142 328 255 145 256
1 5 136 254 142 19 251 328 256 140
1 5 117 239 328 251 36 121 257 138
1 5 239 122 255 328 121 37 143 257
1 5 328 255 145 256 257 143 42 144
1 5 251 328 256 140 138 257 144 41
1 5 15 124 258 141 122 243 329 255
1 5 124 16 146 258 243 127 259 329
1 5 258 146 21 147 329 259 150 260
1 5 141 258 147 20 255 329 260 145
1 5 122 243 329 255 37 126 261 143
1 5 243 127 259 329 126 38 148 261
1 5 329 259 150 260 261 148 43 149
1 5 255 329 260 145 143 261 149 42
1 5 56 22 57 196 262 151 263 330
1 5 196 57 26 58 330 263 152 264
1 5 22 64 201 57 151 265 331 263
1 5 64 23 65 201 265 156 266 331
1 5 201 65 27 66 331 266 157 267
1 5 57 201 66 26 263 331 267 152
1 5 265 156 266 331 153 44 154 268
1 5 331 266 157 267 268 154 47 155
1 5 23 72 206 65 156 269 332 266
1 5 72 24 73 206 269 161 270 332
1 5 206 73 28 74 332 270 162 271
1 5 65 206 74 27 266 332 271 157
1 5 156 269 332 266 44 158 272 154
1 5 269 161 270 332 158 45 159 272
1 5 332 270 162 271 272 159 48 160
1 5 266 332 271 157 154 272 160 47
1 5 24 80 211 73 161 273 333 270
1 5 80 25 81 211 273 166 274 333
1 5 211 81 29 82 333 274 167 275
1 5 73 211 82 28 270 333 275 162
1 5 161 273 333 270 45 163 276 159
1 5 273 166 274 333 163 46 164 276
1 5 333 274 167 275 276 164 49 165
1 5 270 333 275 162 159 276 165 48
1 5 58 26 87 215 264 152 277 334
1 5 215 87 30 88 334 277 168 278
1 5 26 66 219 87 152 267 335 277
1 5 66 27 92 219 267 157 279 335
1 5 219 92 31 93 335 279 171 280
1 5 87 219 93 30 277 335 280 168
1 5 267 157 279 335 155 47 169 281
1 5 335 279 171 280 281 169 50 170
1 5 27 74 223 92 157 271 336 279
1 5 74 28 97 223 271 162 282 336
1 5 223 97 32 98 336 282 174 283
1 5 92 223 98 31 279 336 283 171
1 5 157 271 336 279 47 160 284 169
1 5 271 162 282 336 160 48 172 284
1 5 336 282 174 283 284 172 51 173
1 5 279 336 283 171 169 284 173 50
1 5 28 82 227 97 162 275 337 282
1 5 82 29 102 227 275 167 285 337
1 5 227 102 33 103 337 285 177 286
1 5 97 227 103 32 282 337 286 174
1 5 162 275 337 282 48 165 287 172
1 5 275 167 285 337 165 49 175 287
1 5 337 285 177 286 287 175 52 176
1 5 282 337 286 174 172 287 176 51
1 5 88 30 110 232 278 168 288 338
1 5 232 110 35 111 338 288 178 289
1 5 30 93 236 110 168 280 339 288
1 5 93 31 115 236 280 171 290 339
1 5 236 115 36 116 339 290 179 291
1 5 110 236 116 35 288 339 291 178
1 5 31 98 240 115 171 283 340 290
1 5 98 32 120 240 283 174 292 340
1 5 240 120 37 121 340 292 180 293
1 5 115 240 121 36 290 340 293 179
1 5 32 103 244 120 174 286 341 292
1 5 103 33 125 244 286 177 294 341
1 5 244 125 38 126 341 294 181 295
1 5 120 244 126 37 292 341 295 180
1 5 111 35 133 249 289 178 296 342
1 5 249 133 40 134 342 296 182 297
1 5 35 116 253 133 178 291 343 296
1 5 116 36 138 253 291 179 298 343
1 5 253 138 41 139 343 298 183 299
1 5 133 253 139 40 296 343 299 182
1 5 36 121 257 138 179 293 344 298
1 5 121 37 143 257 293 180 300 344
1 5 257 143 42 144 344 300 184 301
1 5 138 257 144 41 298 344 301 183
1 5 37 126 261 143 180 295 345 300
1 5 126 38 148 261 295 181 302 345
1 5 261 148 43 149 345 302 185 303
1 5 143 261 149 42 300 345 303 184
1 5 153 44 154 268 304 186 305 346
1 5 268 154 47 155 346 305 187 306
1 5 44 158 272 154 186 307 347 305
1 5 158 45 159 272 307 188 308 347
1 5 272 159 48 160 347 308 189 309
1 5 154 272 160 47 305 347 309 187
1 5 155 47 169 281 306 187 310 348
1 5 281 169 50 170 348 310 190 311
1 5 47 160 284 169 187 309 349 310
1 5 160 48 172 284 309 189 312 349
1 5 284 172 51 173 349 312 191 313
1 5 169 284 173 50 310 349 313 190

boundary
139
1 3 192 55 4 54
1 3 53 192 54 0
1 3 0 54 197 61
1 3 54 4 63 197
1 3 197 63 5 62
1 3 61 197 62 1
1 3 1 62 202 69
1 3 62 5 71 202
1 3 202 71 6 70
1 3 69 202 70 2
1 3 2 70 207 77
1 3 70 6 79 207
1 3 207 79 7 78
1 3 77 207 78 3
1 3 212 86 8 85
1 3 55 212 85 4
1 3 4 85 216 63
1 3 85 8 91 216
1 3 216 91 9 90
1 3 63 216 90 5
1 3 5 90 220 71
1 3 90 9 96 220
1 3 220 96 10 95
1 3 71 220 95 6
1 3 6 95 224 79
1 3 95 10 101 224
1 3 224 101 11 100
1 3 79 224 100 7
1 3 105 12 109 229
1 3 229 109 13 108
1 3 86 229 108 8
1 3 8 108 233 91
1 3 108 13 114 233
1 3 233 114 14 113
1 3 91 233 113 9
1 3 9 113 237 96
1 3 113 14 119 237
1 3 237 119 15 118
1 3 96 237 118 10
1 3 10 118 241 101
1 3 118 15 124 241
1 3 241 124 16 123
1 3 101 241 123 11
1 3 12 128 246 109
1 3 128 17 132 246
1 3 246 132 18 131
1 3 109 246 131 13
1 3 13 131 250 114
1 3 131 18 137 250
1 3 250 137 19 136
1 3 114 250 136 14
1 3 14 136 254 119
1 3 136 19 142 254
1 3 254 142 20 141
1 3 119 254 141 15
1 3 15 141 258 124
1 3 141 20 147 258
1 3 258 147 21 146
1 3 124 258 146 16
3 3 3 78 209 83
3 3 78 7 84 209
3 3 209 84 29 81
3 3 83 209 81 25
3 3 7 100 225 84
3 3 100 11 104 225
3 3 225 104 33 102
3 3 84 225 102 29
3 3 11 123 242 104
3 3 123 16 127 242
3 3 242 127 38 125
3 3 104 242 125 33
3 3 16 146 259 127
3 3 146 21 150 259
3 3 259 150 43 148
3 3 127 259 148 38
3 3 25 81 274 166
3 3 81 29 167 274
3 3 274 167 49 164
3 3 166 274 164 46
3 3 29 102 285 167
3 3 102 33 177 285
3 3 285 177 52 175
3 3 167 285 175 49
3 3 33 125 294 177
3 3 125 38 181 294
3 3 38 148 302 181
3 3 148 43 185 302
2 3 53 0 59 193
2 3 193 59 22 56
2 3 56 22 151 262
2 3 0 61 198 59
2 3 61 1 67 198
2 3 198 67 23 64
2 3 59 198 64 22
2 3 22 64 265 151
2 3 64 23 156 265
2 3 265 156 44 153
2 3 153 44 186 304
2 3 1 69 203 67
2 3 69 2 75 203
2 3 203 75 24 72
2 3 67 203 72 23
2 3 23 72 269 156
2 3 72 24 161 269
2 3 269 161 45 158
2 3 156 269 158 44
2 3 44 158 307 186
2 3 158 45 188 307
2 3 2 77 208 75
2 3 77 3 83 208
2 3 208 83 25 80
2 3 75 208 80 24
2 3 24 80 273 161
2 3 80 25 166 273
2 3 273 166 46 163
2 3 161 273 163 45
4 3 17 130 248 132
4 3 130 39 134 248
4 3 248 134 40 135
4 3 132 248 135 18
4 3 134 297 182 40
4 3 18 135 252 137
4 3 135 40 139 252
4 3 252 139 41 140
4 3 137 252 140 19
4 3 40 182 299 139
4 3 139 299 183 41
4 3 19 140 256 142
4 3 140 41 144 256
4 3 256 144 42 145
4 3 142 256 145 20
4 3 41 183 301 144
4 3 144 301 184 42
4 3 20 145 260 147
4 3 145 42 149 260
4 3 260 149 43 150
4 3 147 260 150 21
4 3 42 184 303 149
4 3 149 303 185 43

vertices
350

nodes
FiniteElementSpace
FiniteElementCollection: H1_3D_P1
VDim: 3
Ordering: 1

1.25 0 0
1.5 0 0
1.75 0 0
2 0 0
1.25 0.75 0
1.5 0.75 0
1.75 0.75 0
2 0.75 0
1.25 1.5 0
1.5 1.5 0
1.75 1.5 0
2 1.5 0
1 2.25 0
1.25 2.25 0
1.5 2.25 0
1.75 2.25 0
2 2.25 0
1 3 0
1.25 3 0
1.5 3 0
1.75 3 0
2 3 0
1.25 0 1.25
1.5 0 1.25
1.75 0 1.25
2 0 1.25
1.25 0.75 1.25
1.5 0.75 1.25
1.75 0.75 1.25
2 0.75 1.25
1.25 1.5 1.25
1.5 1.5 1.25
1.75 1.5 1.25
2 1.5 1.25
1 2.25 1.25
1.25 2.25 1.25
1.5 2.25 1.25
1.75 2.25 1.25
2 2.25 1.25
1 3 1.25
1.25 3 1.25
1.5 3 1.25
1.75 3 1.25
2 3 1.25
1.5 0 2.5
1.75 0 2.5
2 0 2.5
1.5 0.75 2.5
1.75 0.75 2.5
2 0.75 2.5
1.5 1.5 2.5
1.75 1.5 2.5
2 1.5 2.5
1.125 0 0
1.25 0.375 0
1.125 0.75 0
1.125 0 1.25
1.25 0.375 1.25
1.125 0.75 1.25
1.25 0 0.625
1.25 0.75 0.625
1.375 0 0
1.5 0.375 0
1.375 0.75 0
1.375 0 1.25
1.5 0.375 1.25
1.375 0.75 1.25
1.5 0 0.625
1.5 0.75 0.625
1.625 0 0
1.75 0.375 0
1.625 0.75 0
1.625 0 1.25
1.75 0.375 1.25
1.625 0.75 1.25
1.75 0 0.625
1.75 0.75 0.625
1.875 0 0
2 0.375 0
1.875 0.75 0
1.875 0 1.25
2 0.375 1.25
1.875 0.75 1.25
2 0 0.625
2 0.75 0.625
1.25 1.125 0
1.125 1.5 0
1.25 1.125 1.25
1.125 1.5 1.25
1.25 1.5 0.625
1.5 1.125 0
1.375 1.5 0
1.5 1.125 1.25
1.375 1.5 1.25
1.5 1.5 0.625
1.75 1.125 0
1.625 1.5 0
1.75 1.125 1.25
1.625 1.5 1.25
1.75 1.5 0.625
2 1.125 0
1.875 1.5 0
2 1.125 1.25
1.875 1.5 1.25
2 1.5 0.625
1 1.875 0
1 1.875 1.25
1 2.25 0.625
1.25 1.875 0
1.125 2.25 0
1.25 1.875 1.25
1.125 2.25 1.25
1.25 2.25 0.625
1.5 1.875 0
1.375 2.25 0
1.5 1.875 1.25
1.375 2.25 1.25
1.5 2.25 0.625
1.75 1.875 0
1.625 2.25 0
1.75 1.875 1.25
1.625 2.25 1.25
1.75 2.25 0.625
2 1.875 0
1.875 2.25 0
2 1.875 1.25
1.875 2.25 1.25
2 2.25 0.625
1 2.625 0
1 2.625 1.25
1 3 0.625
1.25 2.625 0
1.125 3 0
1.25 2.625 1.25
1.125 3 1.25
1.25 3 0.625
1.5 2.625 0
1.375 3 0
1.5 2.625 1.25
1.375 3 1.25
1.5 3 0.625
1.75 2.625 0
1.625 3 0
1.75 2.625 1.25
1.625 3 1.25
1.75 3 0.625
2 2.625 0
1.875 3 0
2 2.625 1.25
1.875 3 1.25
2 3 0.625
1.25 0 1.875
1.25 0.75 1.875
1.375 0 2.5
1.5 0.375 2.5
1.375 0.75 2.5
1.5 0 1.875
1.5 0.75 1.875
1.625 0 2.5
1.75 0.375 2.5
1.625 0.75 2.5
1.75 0 1.875
1.75 0.75 1.875
1.875 0 2.5
2 0.375 2.5
1.875 0.75 2.5
2 0 1.875
2 0.75 1.875
1.25 1.5 1.875
1.5 1.125 2.5
1.375 1.5 2.5
1.5 1.5 1.875
1.75 1.125 2.5
1.625 1.5 2.5
1.75 1.5 1.875
2 1.125 2.5
1.875 1.5 2.5
2 1.5 1.875
1.25 2.25 1.875
1.5 2.25 1.875
1.75 2.25 1.875
2 2.25 1.875
1.25 3 1.875
1.5 3 1.875
1.75 3 1.875
2 3 1.875
1.5 0 3.125
1.5 0.75 3.125
1.75 0 3.125
1.75 0.75 3.125
1.5 1.5 3.125
1.75 1.5 3.125
1.125 0.375 0
1.125 0 0.625
1.25 0.375 0.625
1.125 0.75 0.625
1.125 0.375 1.25
1.375 0.375 0
1.375 0 0.625
1.5 0.375 0.625
1.375 0.75 0.625
1.375 0.375 1.25
1.625 0.375 0
1.625 0 0.625
1.75 0.375 0.625
1.625 0.75 0.625
1.625 0.375 1.25
1.875 0.375 0
1.875 0 0.625
2 0.375 0.625
1.875 0.75 0.625
1.875 0.375 1.25
1.125 1.125 0
1.25 1.125 0.625
1.125 1.5 0.625
1.125 1.125 1.25
1.375 1.125 0
1.5 1.125 0.625
1.375 1.5 0.625
1.375 1.125 1.25
1.625 1.125 0
1.75 1.125 0.625
1.625 1.5 0.625
1.625 1.125 1.25
1.875 1.125 0
2 1.125 0.625
1.875 1.5 0.625
1.875 1.125 1.25
1 1.875 0.625
1.125 1.875 0
1.25 1.875 0.625
1.125 2.25 0.625
1.125 1.875 1.25
1.375 1.875 0
1.5 1.875 0.625
1.375 2.25 0.625
1.375 1.875 1.25
1.625 1.875 0
1.75 1.875 0.625
1.625 2.25 0.625
1.625 1.875 1.25
1.875 1.875 0
2 1.875 0.625
1.875 2.25 0.625
1.875 1.875 1.25
1 2.625 0.625
1.125 2.625 0
1.25 2.625 0.625
1.125 3 0.625
1.125 2.625 1.25
1.375 2.625 0
1.5 2.625 0.625
1.375 3 0.625
1.375 2.625 1.25
1.625 2.625 0
1.75 2.625 0.625
1.625 3 0.625
1.625 2.625 1.25
1.875 2.625 0
2 2.625 0.625
1.875 3 0.625
1.875 2.625 1.25
1.125 0 1.875
1.25 0.375 1.875
1.125 0.75 1.875
1.375 0 1.875
1.5 0.375 1.875
1.375 0.75 1.875
1.375 0.375 2.5
1.625 0 1.875
1.75 0.375 1.875
1.625 0.75 1.875
1.625 0.375 2.5
1.875 0 1.875
2 0.375 1.875
1.875 0.75 1.875
1.875 0.375 2.5
1.25 1.125 1.875
1.125 1.5 1.875
1.5 1.125 1.875
1.375 1.5 1.875
1.375 1.125 2.5
1.75 1.125 1.875
1.625 1.5 1.875
1.625 1.125 2.5
2 1.125 1.875
1.875 1.5 1.875
1.875 1.125 2.5
1.25 1.875 1.875
1.125 2.25 1.875
1.5 1.875 1.875
1.375 2.25 1.875
1.75 1.875 1.875
1.625 2.25 1.875
2 1.875 1.875
1.875 2.25 1.875
1.25 2.625 1.875
1.125 3 1.875
1.5 2.625 1.875
1.375 3 1.875
1.75 2.625 1.875
1.625 3 1.875
2 2.625 1.875
1.875 3 1.875
1.375 0 3.125
1.5 0.375 3.125
1.375 0.75 3.125
1.625 0 3.125
1.75 0.375 3.125
1.625 0.75 3.125
1.5 1.125 3.125
1.375 1.5 3.125
1.75 1.125 3.125
1.625 1.5 3.125
1.125 0.375 0.625
1.375 0.375 0.625
1.625 0.375 0.625
1.875 0.375 0.625
1.125 1.125 0.625
1.375 1.125 0.625
1.625 1.125 0.625
1.875 1.125 0.625
1.125 1.875 0.625
1.375 1.875 0.625
1.625 1.875 0.625
1.875 1.875 0.625
1.125 2.625 0.625
1.375 2.625 0.625
1.625 2.625 0.625
1.875 2.625 0.625
1.125 0.375 1.875
1.375 0.375 1.875
1.625 0.375 1.875
1.875 0.375 1.875
1.125 1.125 1.875
1.375 1.125 1.875
1.625 1.125 1.875
1.875 1.125 1.875
1.125 1.875 1.875
1.375 1.875 1.875
1.625 1.875 1.875
1.875 1.875 1.875
1.125 2.625 1.875
1.375 2.625 1.875
1.625 2.625 1.875
1.875 2.625 1.875
1.375 0.375 3.125
1.625 0.375 3.125
1.375 1.125 3.125
1.625 1.125 3.125
mfem_serial_mesh_end

communication_groups
number_of_groups 8

# number of entities in each group, followed by group ids in group
1 0
2 0 2
2 0 3
2 0 1
3 0 2 3
3 0 1 2
3 0 1 3
4 0 1 2 3

total_shared_vertices 127
total_shared_edges 231
total_shared_faces 105

# group 1
shared_vertices 33
53
55
56
58
86
88
151
152
153
155
192
193
195
196
212
214
215
229
262
263
264
265
267
268
277
281
314
318
322
330
331
334
335

shared_edges 66
53 192
193 314
53 193
192 314
55 192
195 314
55 195
56 196
56 193
196 314
58 196
58 195
55 212
195 318
212 318
86 212
214 318
86 214
58 215
215 318
88 215
88 214
86 229
105 229
214 322
228 322
229 322
88 232
232 322
262 330
56 262
196 330
151 262
151 263
263 330
152 263
152 264
264 330
58 264
151 265
265 331
263 331
267 331
152 267
153 268
153 265
268 331
155 268
155 267
264 334
215 334
152 277
277 334
168 277
278 334
88 278
267 335
277 335
280 335
155 281
281 335
170 281
153 304
268 346
155 306
281 348

shared_faces 33
3 53 192 314 193
3 55 192 314 195
3 193 314 196 56
3 195 314 196 58
3 55 212 318 195
3 86 212 318 214
3 195 318 215 58
3 214 318 215 88
3 86 229 322 214
3 229 105 228 322
3 214 322 232 88
3 322 228 106 232
3 56 196 330 262
3 262 151 263 330
3 58 196 330 264
3 330 263 152 264
3 151 265 331 263
3 263 331 267 152
3 265 331 268 153
3 267 331 268 155
3 58 215 334 264
3 264 152 277 334
3 88 215 334 278
3 334 277 168 278
3 152 267 335 277
3 277 335 280 168
3 267 335 281 155
3 280 335 281 170
3 88 232 338 278
3 153 268 346 304
3 155 268 346 306
3 155 281 348 306
3 170 281 348 311

# group 2
shared_vertices 12
12
17
34
39
107
111
128
129
130
134
245
249

shared_edges 24
12 105
107 228
12 107
34 106
34 107
111 232
34 111
12 128
107 245
128 245
17 128
130 245
17 130
34 129
129 245
39 129
39 130
111 249
129 249
134 249
39 134
111 289
249 342
134 297

shared_faces 12
3 105 12 107 228
3 228 107 34 106
3 106 232 111 34
3 12 128 245 107
3 128 17 130 245
3 107 245 129 34
3 245 130 39 129
3 34 111 249 129
3 129 249 134 39
3 111 232 338 289
3 111 249 342 289
3 134 249 342 297

# group 3
shared_vertices 65
45
46
48
49
50
51
52
159
163
164
165
171
172
173
174
175
176
177
178
179
180
181
182
183
184
185
186
187
188
189
190
191
276
283
286
287
288
290
291
292
293
294
295
296
298
299
300
301
302
303
305
307
308
309
310
312
313
339
340
341
343
344
345
347
349

shared_edges 125
45 159
48 159
45 163
163 276
159 276
46 163
46 164
164 276
49 164
49 165
165 276
48 165
171 280
50 170
50 171
174 283
171 283
48 172
51 172
51 173
51 174
173 283
50 173
177 286
174 286
165 287
172 287
49 175
175 287
52 175
52 176
176 287
52 177
176 286
51 176
168 288
288 338
178 288
178 289
280 339
288 339
171 290
290 339
179 290
179 291
291 339
178 291
283 340
290 340
174 292
292 340
180 292
180 293
293 340
179 293
286 341
292 341
177 294
294 341
181 294
181 295
295 341
180 295
178 296
296 342
182 296
182 297
291 343
296 343
179 298
298 343
183 298
183 299
299 343
182 299
293 344
298 344
180 300
300 344
184 300
184 301
301 344
183 301
295 345
300 345
181 302
302 345
185 302
185 303
303 345
184 303
186 304
186 305
305 346
187 305
187 306
186 307
307 347
305 347
188 307
188 308
308 347
45 188
159 308
189 308
189 309
309 347
48 189
187 309
187 310
310 348
190 310
190 311
50 190
309 349
310 349
189 312
312 349
172 312
191 312
191 313
313 349
51 191
173 313
190 313

shared_faces 60
3 45 163 276 159
3 163 46 164 276
3 276 164 49 165
3 159 276 165 48
3 171 280 170 50
3 174 283 173 51
3 283 171 50 173
3 48 165 287 172
3 165 49 175 287
3 177 286 176 52
3 287 175 52 176
3 286 174 51 176
3 172 287 176 51
3 278 168 288 338
3 338 288 178 289
3 168 280 339 288
3 280 171 290 339
3 339 290 179 291
3 288 339 291 178
3 171 283 340 290
3 283 174 292 340
3 340 292 180 293
3 290 340 293 179
3 174 286 341 292
3 286 177 294 341
3 341 294 181 295
3 292 341 295 180
3 289 178 296 342
3 342 296 182 297
3 178 291 343 296
3 291 179 298 343
3 343 298 183 299
3 296 343 299 182
3 179 293 344 298
3 293 180 300 344
3 344 300 184 301
3 298 344 301 183
3 180 295 345 300
3 295 181 302 345
3 345 302 185 303
3 300 345 303 184
3 304 186 305 346
3 346 305 187 306
3 186 307 347 305
3 45 159 308 188
3 307 188 308 347
3 159 48 189 308
3 347 308 189 309
3 305 347 309 187
3 306 187 310 348
3 50 170 311 190
3 348 310 190 311
3 187 309 349 310
3 48 172 312 189
3 309 189 312 349
3 172 51 191 312
3 51 173 313 191
3 349 312 191 313
3 173 50 190 313
3 310 349 313 190

# group 4
shared_vertices 4
105
106
228
232

shared_edges 4
105 228
106 228
106 232
232 338

shared_faces 0

# group 5
shared_vertices 9
168
170
278
280
304
306
311
346
348

shared_edges 9
168 278
168 280
170 280
278 338
304 346
306 346
306 348
311 348
170 311

shared_faces 0

# group 6
shared_vertices 3
289
297
342

shared_edges 3
289 338
289 342
297 342

shared_faces 0

# group 7
shared_vertices 1
338

shared_edges 0

shared_faces 0

mfem_mesh_end
