MFEM mesh v1.2

#
# MFEM Geometry Types (see mesh/geom.hpp):
#
# POINT       = 0
# SEGMENT     = 1
# TRIANGLE    = 2
# SQUARE      = 3
# TETRAHEDRON = 4
# CUBE        = 5
# PRISM       = 6
# PYRAMID     = 7
#

dimension
3

elements
208
1 5 191 57 196 312 56 4 66 198
1 5 312 196 68 197 198 66 8 67
1 5 57 192 313 196 4 58 201 66
1 5 192 59 199 313 58 5 69 201
1 5 313 199 71 200 201 69 9 70
1 5 196 313 200 68 66 201 70 8
1 5 59 193 314 199 5 61 204 69
1 5 193 62 202 314 61 6 72 204
1 5 314 202 74 203 204 72 10 73
1 5 199 314 203 71 69 204 73 9
1 5 62 194 315 202 6 64 207 72
1 5 194 65 205 315 64 7 75 207
1 5 315 205 77 206 207 75 11 76
1 5 202 315 206 74 72 207 76 10
1 5 197 68 208 316 67 8 78 210
1 5 316 208 80 209 210 78 12 79
1 5 68 200 317 208 8 70 213 78
1 5 200 71 211 317 70 9 81 213
1 5 317 211 83 212 213 81 13 82
1 5 208 317 212 80 78 213 82 12
1 5 71 203 318 211 9 73 216 81
1 5 203 74 214 318 73 10 84 216
1 5 318 214 86 215 216 84 14 85
1 5 211 318 215 83 81 216 85 13
1 5 74 206 319 214 10 76 219 84
1 5 206 77 217 319 76 11 87 219
1 5 319 217 89 218 219 87 15 88
1 5 214 319 218 86 84 219 88 14
1 5 220 93 221 320 90 16 91 223
1 5 320 221 94 222 223 91 19 92
1 5 93 224 321 221 16 95 227 91
1 5 224 98 225 321 95 17 96 227
1 5 321 225 99 226 227 96 20 97
1 5 221 321 226 94 91 227 97 19
1 5 0 53 190 52 98 228 322 225
1 5 53 1 54 190 228 103 229 322
1 5 190 54 3 55 322 229 104 230
1 5 52 190 55 2 225 322 230 99
1 5 98 228 322 225 17 100 231 96
1 5 228 103 229 322 100 18 101 231
1 5 322 229 104 230 231 101 21 102
1 5 225 322 230 99 96 231 102 20
1 5 222 94 233 323 92 19 107 235
1 5 323 233 109 234 235 107 23 108
1 5 94 226 324 233 19 97 238 107
1 5 226 99 236 324 97 20 110 238
1 5 324 236 112 237 238 110 24 111
1 5 233 324 237 109 107 238 111 23
1 5 2 55 195 60 99 230 325 236
1 5 55 3 63 195 230 104 239 325
1 5 195 63 7 64 325 239 115 240
1 5 60 195 64 6 236 325 240 112
1 5 99 230 325 236 20 102 241 110
1 5 230 104 239 325 102 21 113 241
1 5 325 239 115 240 241 113 25 114
1 5 236 325 240 112 110 241 114 24
1 5 56 4 66 198 232 106 242 326
1 5 198 66 8 67 326 242 118 243
1 5 232 106 242 326 105 22 116 244
1 5 326 242 118 243 244 116 26 117
1 5 4 58 201 66 106 234 327 242
1 5 58 5 69 201 234 109 245 327
1 5 201 69 9 70 327 245 121 246
1 5 66 201 70 8 242 327 246 118
1 5 106 234 327 242 22 108 247 116
1 5 234 109 245 327 108 23 119 247
1 5 327 245 121 246 247 119 27 120
1 5 242 327 246 118 116 247 120 26
1 5 5 61 204 69 109 237 328 245
1 5 61 6 72 204 237 112 248 328
1 5 204 72 10 73 328 248 124 249
1 5 69 204 73 9 245 328 249 121
1 5 109 237 328 245 23 111 250 119
1 5 237 112 248 328 111 24 122 250
1 5 328 248 124 249 250 122 28 123
1 5 245 328 249 121 119 250 123 27
1 5 6 64 207 72 112 240 329 248
1 5 64 7 75 207 240 115 251 329
1 5 207 75 11 76 329 251 127 252
1 5 72 207 76 10 248 329 252 124
1 5 112 240 329 248 24 114 253 122
1 5 240 115 251 329 114 25 125 253
1 5 329 251 127 252 253 125 29 126
1 5 248 329 252 124 122 253 126 28
1 5 67 8 78 210 243 118 254 330
1 5 210 78 12 79 330 254 130 255
1 5 243 118 254 330 117 26 128 256
1 5 330 254 130 255 256 128 30 129
1 5 8 70 213 78 118 246 331 254
1 5 70 9 81 213 246 121 257 331
1 5 213 81 13 82 331 257 133 258
1 5 78 213 82 12 254 331 258 130
1 5 118 246 331 254 26 120 259 128
1 5 246 121 257 331 120 27 131 259
1 5 331 257 133 258 259 131 31 132
1 5 254 331 258 130 128 259 132 30
1 5 9 73 216 81 121 249 332 257
1 5 73 10 84 216 249 124 260 332
1 5 216 84 14 85 332 260 136 261
1 5 81 216 85 13 257 332 261 133
1 5 121 249 332 257 27 123 262 131
1 5 249 124 260 332 123 28 134 262
1 5 332 260 136 261 262 134 32 135
1 5 257 332 261 133 131 262 135 31
1 5 10 76 219 84 124 252 333 260
1 5 76 11 87 219 252 127 263 333
1 5 219 87 15 88 333 263 139 264
1 5 84 219 88 14 260 333 264 136
1 5 124 252 333 260 28 126 265 134
1 5 252 127 263 333 126 29 137 265
1 5 333 263 139 264 265 137 33 138
1 5 260 333 264 136 134 265 138 32
1 5 90 16 91 223 266 143 267 334
1 5 223 91 19 92 334 267 144 268
1 5 266 143 267 334 140 34 141 269
1 5 334 267 144 268 269 141 37 142
1 5 16 95 227 91 143 270 335 267
1 5 95 17 96 227 270 148 271 335
1 5 227 96 20 97 335 271 149 272
1 5 91 227 97 19 267 335 272 144
1 5 143 270 335 267 34 145 273 141
1 5 270 148 271 335 145 35 146 273
1 5 335 271 149 272 273 146 38 147
1 5 267 335 272 144 141 273 147 37
1 5 17 100 231 96 148 274 336 271
1 5 100 18 101 231 274 153 275 336
1 5 231 101 21 102 336 275 154 276
1 5 96 231 102 20 271 336 276 149
1 5 148 274 336 271 35 150 277 146
1 5 274 153 275 336 150 36 151 277
1 5 336 275 154 276 277 151 39 152
1 5 271 336 276 149 146 277 152 38
1 5 92 19 107 235 268 144 279 337
1 5 235 107 23 108 337 279 159 280
1 5 268 144 279 337 142 37 157 281
1 5 337 279 159 280 281 157 41 158
1 5 19 97 238 107 144 272 338 279
1 5 97 20 110 238 272 149 282 338
1 5 238 110 24 111 338 282 162 283
1 5 107 238 111 23 279 338 283 159
1 5 144 272 338 279 37 147 284 157
1 5 272 149 282 338 147 38 160 284
1 5 338 282 162 283 284 160 42 161
1 5 279 338 283 159 157 284 161 41
1 5 20 102 241 110 149 276 339 282
1 5 102 21 113 241 276 154 285 339
1 5 241 113 25 114 339 285 165 286
1 5 110 241 114 24 282 339 286 162
1 5 149 276 339 282 38 152 287 160
1 5 276 154 285 339 152 39 163 287
1 5 339 285 165 286 287 163 43 164
1 5 282 339 286 162 160 287 164 42
1 5 105 22 116 244 278 156 288 340
1 5 244 116 26 117 340 288 168 289
1 5 278 156 288 340 155 40 166 290
1 5 340 288 168 289 290 166 44 167
1 5 22 108 247 116 156 280 341 288
1 5 108 23 119 247 280 159 291 341
1 5 247 119 27 120 341 291 171 292
1 5 116 247 120 26 288 341 292 168
1 5 156 280 341 288 40 158 293 166
1 5 280 159 291 341 158 41 169 293
1 5 341 291 171 292 293 169 45 170
1 5 288 341 292 168 166 293 170 44
1 5 23 111 250 119 159 283 342 291
1 5 111 24 122 250 283 162 294 342
1 5 250 122 28 123 342 294 174 295
1 5 119 250 123 27 291 342 295 171
1 5 159 283 342 291 41 161 296 169
1 5 283 162 294 342 161 42 172 296
1 5 342 294 174 295 296 172 46 173
1 5 291 342 295 171 169 296 173 45
1 5 24 114 253 122 162 286 343 294
1 5 114 25 125 253 286 165 297 343
1 5 253 125 29 126 343 297 177 298
1 5 122 253 126 28 294 343 298 174
1 5 162 286 343 294 42 164 299 172
1 5 286 165 297 343 164 43 175 299
1 5 343 297 177 298 299 175 47 176
1 5 294 343 298 174 172 299 176 46
1 5 117 26 128 256 289 168 300 344
1 5 256 128 30 129 344 300 180 301
1 5 289 168 300 344 167 44 178 302
1 5 344 300 180 301 302 178 48 179
1 5 26 120 259 128 168 292 345 300
1 5 120 27 131 259 292 171 303 345
1 5 259 131 31 132 345 303 183 304
1 5 128 259 132 30 300 345 304 180
1 5 168 292 345 300 44 170 305 178
1 5 292 171 303 345 170 45 181 305
1 5 345 303 183 304 305 181 49 182
1 5 300 345 304 180 178 305 182 48
1 5 27 123 262 131 171 295 346 303
1 5 123 28 134 262 295 174 306 346
1 5 262 134 32 135 346 306 186 307
1 5 131 262 135 31 303 346 307 183
1 5 171 295 346 303 45 173 308 181
1 5 295 174 306 346 173 46 184 308
1 5 346 306 186 307 308 184 50 185
1 5 303 346 307 183 181 308 185 49
1 5 28 126 265 134 174 298 347 306
1 5 126 29 137 265 298 177 309 347
1 5 265 137 33 138 347 309 189 310
1 5 134 265 138 32 306 347 310 186
1 5 174 298 347 306 46 176 311 184
1 5 298 177 309 347 176 47 187 311
1 5 347 309 189 310 311 187 51 188
1 5 306 347 310 186 184 311 188 50

boundary
136
6 3 140 34 141 269
6 3 269 141 37 142
6 3 34 145 273 141
6 3 145 35 146 273
6 3 273 146 38 147
6 3 141 273 147 37
6 3 35 150 277 146
6 3 150 36 151 277
6 3 277 151 39 152
6 3 146 277 152 38
6 3 142 37 157 281
6 3 281 157 41 158
6 3 37 147 284 157
6 3 147 38 160 284
6 3 284 160 42 161
6 3 157 284 161 41
6 3 38 152 287 160
6 3 152 39 163 287
6 3 287 163 43 164
6 3 160 287 164 42
6 3 155 40 166 290
6 3 290 166 44 167
6 3 40 158 293 166
6 3 158 41 169 293
6 3 293 169 45 170
6 3 166 293 170 44
6 3 41 161 296 169
6 3 161 42 172 296
6 3 296 172 46 173
6 3 169 296 173 45
6 3 42 164 299 172
6 3 164 43 175 299
6 3 299 175 47 176
6 3 172 299 176 46
6 3 167 44 178 302
6 3 302 178 48 179
6 3 44 170 305 178
6 3 170 45 181 305
6 3 305 181 49 182
6 3 178 305 182 48
6 3 45 173 308 181
6 3 173 46 184 308
6 3 308 184 50 185
6 3 181 308 185 49
6 3 46 176 311 184
6 3 176 47 187 311
6 3 311 187 51 188
6 3 184 311 188 50
3 3 205 77 11 75
3 3 65 205 75 7
3 3 217 89 15 87
3 3 77 217 87 11
3 3 1 54 229 103
3 3 54 3 104 229
3 3 229 104 21 101
3 3 103 229 101 18
3 3 3 63 239 104
3 3 63 7 115 239
3 3 239 115 25 113
3 3 104 239 113 21
3 3 7 75 251 115
3 3 75 11 127 251
3 3 251 127 29 125
3 3 115 251 125 25
3 3 11 87 263 127
3 3 87 15 139 263
3 3 263 139 33 137
3 3 127 263 137 29
3 3 18 101 275 153
3 3 101 21 154 275
3 3 275 154 39 151
3 3 153 275 151 36
3 3 21 113 285 154
3 3 113 25 165 285
3 3 285 165 43 163
3 3 154 285 163 39
3 3 25 125 297 165
3 3 125 29 177 297
3 3 297 177 47 175
3 3 165 297 175 43
3 3 29 137 309 177
3 3 137 33 189 309
3 3 309 189 51 187
3 3 177 309 187 47
2 3 220 93 16 90
2 3 90 16 143 266
2 3 266 143 34 140
2 3 224 98 17 95
2 3 93 224 95 16
2 3 16 95 270 143
2 3 95 17 148 270
2 3 270 148 35 145
2 3 143 270 145 34
2 3 0 53 228 98
2 3 53 1 103 228
2 3 228 103 18 100
2 3 98 228 100 17
2 3 17 100 274 148
2 3 100 18 153 274
2 3 274 153 36 150
2 3 148 274 150 35
4 3 209 79 12 80
4 3 255 129 30 130
4 3 79 255 130 12
4 3 301 179 48 180
4 3 129 301 180 30
4 3 80 12 82 212
4 3 212 82 13 83
4 3 12 130 258 82
4 3 130 30 132 258
4 3 258 132 31 133
4 3 82 258 133 13
4 3 30 180 304 132
4 3 180 48 182 304
4 3 304 182 49 183
4 3 132 304 183 31
4 3 83 13 85 215
4 3 215 85 14 86
4 3 13 133 261 85
4 3 133 31 135 261
4 3 261 135 32 136
4 3 85 261 136 14
4 3 31 183 307 135
4 3 183 49 185 307
4 3 307 185 50 186
4 3 135 307 186 32
4 3 86 14 88 218
4 3 218 88 15 89
4 3 14 136 264 88
4 3 136 32 138 264
4 3 264 138 33 139
4 3 88 264 139 15
4 3 32 186 310 138
4 3 186 50 188 310
4 3 310 188 51 189
4 3 138 310 189 33

vertices
348

nodes
FiniteElementSpace
FiniteElementCollection: H1_3D_P1
VDim: 3
Ordering: 1

1.75 0 2.5
2 0 2.5
1.75 0.75 2.5
2 0.75 2.5
1.25 1.5 2.5
1.5 1.5 2.5
1.75 1.5 2.5
2 1.5 2.5
1.25 2.25 2.5
1.5 2.25 2.5
1.75 2.25 2.5
2 2.25 2.5
1.25 3 2.5
1.5 3 2.5
1.75 3 2.5
2 3 2.5
1.5 0 3.75
1.75 0 3.75
2 0 3.75
1.5 0.75 3.75
1.75 0.75 3.75
2 0.75 3.75
1.25 1.5 3.75
1.5 1.5 3.75
1.75 1.5 3.75
2 1.5 3.75
1.25 2.25 3.75
1.5 2.25 3.75
1.75 2.25 3.75
2 2.25 3.75
1.25 3 3.75
1.5 3 3.75
1.75 3 3.75
2 3 3.75
1.5 0 5
1.75 0 5
2 0 5
1.5 0.75 5
1.75 0.75 5
2 0.75 5
1.25 1.5 5
1.5 1.5 5
1.75 1.5 5
2 1.5 5
1.25 2.25 5
1.5 2.25 5
1.75 2.25 5
2 2.25 5
1.25 3 5
1.5 3 5
1.75 3 5
2 3 5
1.75 0.375 2.5
1.875 0 2.5
2 0.375 2.5
1.875 0.75 2.5
1.125 1.5 2.5
1.25 1.5 1.875
1.375 1.5 2.5
1.5 1.5 1.875
1.75 1.125 2.5
1.625 1.5 2.5
1.75 1.5 1.875
2 1.125 2.5
1.875 1.5 2.5
2 1.5 1.875
1.25 1.875 2.5
1.125 2.25 2.5
1.25 2.25 1.875
1.5 1.875 2.5
1.375 2.25 2.5
1.5 2.25 1.875
1.75 1.875 2.5
1.625 2.25 2.5
1.75 2.25 1.875
2 1.875 2.5
1.875 2.25 2.5
2 2.25 1.875
1.25 2.625 2.5
1.125 3 2.5
1.25 3 1.875
1.5 2.625 2.5
1.375 3 2.5
1.5 3 1.875
1.75 2.625 2.5
1.625 3 2.5
1.75 3 1.875
2 2.625 2.5
1.875 3 2.5
2 3 1.875
1.375 0 3.75
1.5 0.375 3.75
1.375 0.75 3.75
1.5 0 3.125
1.5 0.75 3.125
1.625 0 3.75
1.75 0.375 3.75
1.625 0.75 3.75
1.75 0 3.125
1.75 0.75 3.125
1.875 0 3.75
2 0.375 3.75
1.875 0.75 3.75
2 0 3.125
2 0.75 3.125
1.125 1.5 3.75
1.25 1.5 3.125
1.5 1.125 3.75
1.375 1.5 3.75
1.5 1.5 3.125
1.75 1.125 3.75
1.625 1.5 3.75
1.75 1.5 3.125
2 1.125 3.75
1.875 1.5 3.75
2 1.5 3.125
1.25 1.875 3.75
1.125 2.25 3.75
1.25 2.25 3.125
1.5 1.875 3.75
1.375 2.25 3.75
1.5 2.25 3.125
1.75 1.875 3.75
1.625 2.25 3.75
1.75 2.25 3.125
2 1.875 3.75
1.875 2.25 3.75
2 2.25 3.125
1.25 2.625 3.75
1.125 3 3.75
1.25 3 3.125
1.5 2.625 3.75
1.375 3 3.75
1.5 3 3.125
1.75 2.625 3.75
1.625 3 3.75
1.75 3 3.125
2 2.625 3.75
1.875 3 3.75
2 3 3.125
1.375 0 5
1.5 0.375 5
1.375 0.75 5
1.5 0 4.375
1.5 0.75 4.375
1.625 0 5
1.75 0.375 5
1.625 0.75 5
1.75 0 4.375
1.75 0.75 4.375
1.875 0 5
2 0.375 5
1.875 0.75 5
2 0 4.375
2 0.75 4.375
1.125 1.5 5
1.25 1.5 4.375
1.5 1.125 5
1.375 1.5 5
1.5 1.5 4.375
1.75 1.125 5
1.625 1.5 5
1.75 1.5 4.375
2 1.125 5
1.875 1.5 5
2 1.5 4.375
1.25 1.875 5
1.125 2.25 5
1.25 2.25 4.375
1.5 1.875 5
1.375 2.25 5
1.5 2.25 4.375
1.75 1.875 5
1.625 2.25 5
1.75 2.25 4.375
2 1.875 5
1.875 2.25 5
2 2.25 4.375
1.25 2.625 5
1.125 3 5
1.25 3 4.375
1.5 2.625 5
1.375 3 5
1.5 3 4.375
1.75 2.625 5
1.625 3 5
1.75 3 4.375
2 2.625 5
1.875 3 5
2 3 4.375
1.875 0.375 2.5
1.125 1.5 1.875
1.375 1.5 1.875
1.625 1.5 1.875
1.875 1.5 1.875
1.875 1.125 2.5
1.25 1.875 1.875
1.125 2.25 1.875
1.125 1.875 2.5
1.5 1.875 1.875
1.375 2.25 1.875
1.375 1.875 2.5
1.75 1.875 1.875
1.625 2.25 1.875
1.625 1.875 2.5
2 1.875 1.875
1.875 2.25 1.875
1.875 1.875 2.5
1.25 2.625 1.875
1.125 3 1.875
1.125 2.625 2.5
1.5 2.625 1.875
1.375 3 1.875
1.375 2.625 2.5
1.75 2.625 1.875
1.625 3 1.875
1.625 2.625 2.5
2 2.625 1.875
1.875 3 1.875
1.875 2.625 2.5
1.375 0 3.125
1.5 0.375 3.125
1.375 0.75 3.125
1.375 0.375 3.75
1.625 0 3.125
1.75 0.375 3.125
1.625 0.75 3.125
1.625 0.375 3.75
1.875 0 3.125
2 0.375 3.125
1.875 0.75 3.125
1.875 0.375 3.75
1.125 1.5 3.125
1.5 1.125 3.125
1.375 1.5 3.125
1.375 1.125 3.75
1.75 1.125 3.125
1.625 1.5 3.125
1.625 1.125 3.75
2 1.125 3.125
1.875 1.5 3.125
1.875 1.125 3.75
1.25 1.875 3.125
1.125 2.25 3.125
1.125 1.875 3.75
1.5 1.875 3.125
1.375 2.25 3.125
1.375 1.875 3.75
1.75 1.875 3.125
1.625 2.25 3.125
1.625 1.875 3.75
2 1.875 3.125
1.875 2.25 3.125
1.875 1.875 3.75
1.25 2.625 3.125
1.125 3 3.125
1.125 2.625 3.75
1.5 2.625 3.125
1.375 3 3.125
1.375 2.625 3.75
1.75 2.625 3.125
1.625 3 3.125
1.625 2.625 3.75
2 2.625 3.125
1.875 3 3.125
1.875 2.625 3.75
1.375 0 4.375
1.5 0.375 4.375
1.375 0.75 4.375
1.375 0.375 5
1.625 0 4.375
1.75 0.375 4.375
1.625 0.75 4.375
1.625 0.375 5
1.875 0 4.375
2 0.375 4.375
1.875 0.75 4.375
1.875 0.375 5
1.125 1.5 4.375
1.5 1.125 4.375
1.375 1.5 4.375
1.375 1.125 5
1.75 1.125 4.375
1.625 1.5 4.375
1.625 1.125 5
2 1.125 4.375
1.875 1.5 4.375
1.875 1.125 5
1.25 1.875 4.375
1.125 2.25 4.375
1.125 1.875 5
1.5 1.875 4.375
1.375 2.25 4.375
1.375 1.875 5
1.75 1.875 4.375
1.625 2.25 4.375
1.625 1.875 5
2 1.875 4.375
1.875 2.25 4.375
1.875 1.875 5
1.25 2.625 4.375
1.125 3 4.375
1.125 2.625 5
1.5 2.625 4.375
1.375 3 4.375
1.375 2.625 5
1.75 2.625 4.375
1.625 3 4.375
1.625 2.625 5
2 2.625 4.375
1.875 3 4.375
1.875 2.625 5
1.125 1.875 1.875
1.375 1.875 1.875
1.625 1.875 1.875
1.875 1.875 1.875
1.125 2.625 1.875
1.375 2.625 1.875
1.625 2.625 1.875
1.875 2.625 1.875
1.375 0.375 3.125
1.625 0.375 3.125
1.875 0.375 3.125
1.375 1.125 3.125
1.625 1.125 3.125
1.875 1.125 3.125
1.125 1.875 3.125
1.375 1.875 3.125
1.625 1.875 3.125
1.875 1.875 3.125
1.125 2.625 3.125
1.375 2.625 3.125
1.625 2.625 3.125
1.875 2.625 3.125
1.375 0.375 4.375
1.625 0.375 4.375
1.875 0.375 4.375
1.375 1.125 4.375
1.625 1.125 4.375
1.875 1.125 4.375
1.125 1.875 4.375
1.375 1.875 4.375
1.625 1.875 4.375
1.875 1.875 4.375
1.125 2.625 4.375
1.375 2.625 4.375
1.625 2.625 4.375
1.875 2.625 4.375
mfem_serial_mesh_end

communication_groups
number_of_groups 8

# number of entities in each group, followed by group ids in group
1 1
2 0 1
2 1 2
2 1 3
3 0 1 2
3 0 1 3
3 1 2 3
4 0 1 2 3

total_shared_vertices 123
total_shared_edges 224
total_shared_faces 102

# group 1
shared_vertices 65
0
1
2
3
5
6
7
52
53
54
55
59
60
61
62
63
64
65
68
71
74
77
80
83
86
89
93
94
98
99
109
112
190
193
194
195
196
199
200
202
203
205
206
208
211
212
214
215
217
218
221
224
225
226
233
236
237
313
314
315
317
318
319
321
324

shared_edges 125
0 52
2 52
0 53
53 190
52 190
1 53
1 54
54 190
3 54
3 55
55 190
2 55
59 192
5 58
5 59
62 193
59 193
2 60
6 60
6 61
6 62
61 193
5 61
65 194
62 194
55 195
60 195
3 63
63 195
7 63
7 64
64 195
7 65
64 194
6 64
57 196
196 312
68 196
68 197
192 313
196 313
59 199
199 313
71 199
71 200
200 313
68 200
193 314
199 314
62 202
202 314
74 202
74 203
203 314
71 203
194 315
202 315
65 205
205 315
77 205
77 206
206 315
74 206
68 208
208 316
80 208
80 209
200 317
208 317
71 211
211 317
83 211
83 212
212 317
80 212
203 318
211 318
74 214
214 318
86 214
86 215
215 318
83 215
206 319
214 319
77 217
217 319
89 217
89 218
218 319
86 218
93 220
93 221
221 320
94 221
94 222
93 224
224 321
221 321
98 224
98 225
225 321
0 98
52 225
99 225
99 226
226 321
2 99
94 226
94 233
233 323
109 233
109 234
5 109
226 324
233 324
99 236
236 324
60 236
112 236
112 237
237 324
6 112
61 237
109 237

shared_faces 60
3 0 53 190 52
3 53 1 54 190
3 190 54 3 55
3 52 190 55 2
3 59 192 58 5
3 62 193 61 6
3 193 59 5 61
3 2 55 195 60
3 55 3 63 195
3 65 194 64 7
3 195 63 7 64
3 194 62 6 64
3 60 195 64 6
3 191 57 196 312
3 312 196 68 197
3 57 192 313 196
3 192 59 199 313
3 313 199 71 200
3 196 313 200 68
3 59 193 314 199
3 193 62 202 314
3 314 202 74 203
3 199 314 203 71
3 62 194 315 202
3 194 65 205 315
3 315 205 77 206
3 202 315 206 74
3 197 68 208 316
3 316 208 80 209
3 68 200 317 208
3 200 71 211 317
3 317 211 83 212
3 208 317 212 80
3 71 203 318 211
3 203 74 214 318
3 318 214 86 215
3 211 318 215 83
3 74 206 319 214
3 206 77 217 319
3 319 217 89 218
3 214 319 218 86
3 220 93 221 320
3 320 221 94 222
3 93 224 321 221
3 0 52 225 98
3 224 98 225 321
3 52 2 99 225
3 321 225 99 226
3 221 321 226 94
3 222 94 233 323
3 5 58 234 109
3 323 233 109 234
3 94 226 324 233
3 2 60 236 99
3 226 99 236 324
3 60 6 112 236
3 6 61 237 112
3 324 236 112 237
3 61 5 109 237
3 233 324 237 109

# group 2
shared_vertices 21
4
22
40
56
90
92
106
108
140
142
156
158
223
235
266
268
269
280
281
334
337

shared_edges 45
4 56
4 57
56 191
4 58
56 198
90 223
90 220
223 320
92 223
92 222
106 232
4 106
56 232
22 105
22 106
106 234
92 235
235 323
108 235
108 234
22 108
266 334
90 266
223 334
268 334
92 268
140 269
140 266
269 334
142 269
142 268
156 278
22 156
40 155
40 156
268 337
235 337
280 337
108 280
156 280
142 281
281 337
158 281
158 280
40 158

shared_faces 24
3 57 191 56 4
3 192 57 4 58
3 191 312 198 56
3 220 320 223 90
3 222 320 223 92
3 4 56 232 106
3 106 232 105 22
3 58 4 106 234
3 222 323 235 92
3 234 323 235 108
3 234 106 22 108
3 56 198 326 232
3 90 223 334 266
3 92 223 334 268
3 266 334 269 140
3 268 334 269 142
3 22 105 278 156
3 156 278 155 40
3 92 235 337 268
3 108 235 337 280
3 108 22 156 280
3 268 337 281 142
3 280 337 281 158
3 280 156 40 158

# group 3
shared_vertices 18
67
79
117
129
167
179
210
243
244
255
256
289
290
301
302
330
340
344

shared_edges 36
67 198
67 197
67 210
210 316
79 210
79 209
243 326
67 243
105 244
244 326
117 244
117 243
243 330
210 330
255 330
79 255
117 256
256 330
129 256
129 255
278 340
244 340
289 340
117 289
155 290
290 340
167 290
167 289
289 344
256 344
301 344
129 301
167 302
302 344
179 302
179 301

shared_faces 18
3 197 312 198 67
3 197 316 210 67
3 209 316 210 79
3 67 198 326 243
3 232 326 244 105
3 243 326 244 117
3 67 210 330 243
3 79 210 330 255
3 243 330 256 117
3 255 330 256 129
3 105 244 340 278
3 117 244 340 289
3 278 340 290 155
3 289 340 290 167
3 117 256 344 289
3 129 256 344 301
3 289 344 302 167
3 301 344 302 179

# group 4
shared_vertices 9
57
58
191
192
220
222
234
320
323

shared_edges 9
57 191
57 192
58 192
191 312
220 320
222 320
222 323
234 323
58 234

shared_faces 0

# group 5
shared_vertices 3
197
209
316

shared_edges 3
197 312
197 316
209 316

shared_faces 0

# group 6
shared_vertices 6
105
155
198
232
278
326

shared_edges 6
198 312
105 232
232 326
198 326
105 278
155 278

shared_faces 0

# group 7
shared_vertices 1
312

shared_edges 0

shared_faces 0

mfem_mesh_end
