MFEM mesh v1.2

#
# MFEM Geometry Types (see mesh/geom.hpp):
#
# POINT       = 0
# SEGMENT     = 1
# TRIANGLE    = 2
# SQUARE      = 3
# TETRAHEDRON = 4
# CUBE        = 5
# PRISM       = 6
# PYRAMID     = 7
#

dimension
3

elements
205
1 5 48 0 49 180 181 54 182 303
1 5 180 49 2 50 303 182 55 183
1 5 181 54 182 303 51 6 52 184
1 5 303 182 55 183 184 52 8 53
1 5 0 56 185 49 54 186 304 182
1 5 56 1 57 185 186 62 187 304
1 5 185 57 3 58 304 187 63 188
1 5 49 185 58 2 182 304 188 55
1 5 54 186 304 182 6 59 189 52
1 5 186 62 187 304 59 7 60 189
1 5 304 187 63 188 189 60 9 61
1 5 182 304 188 55 52 189 61 8
1 5 1 64 190 57 62 191 305 187
1 5 57 190 65 3 187 305 192 63
1 5 62 191 305 187 7 66 193 60
1 5 187 305 192 63 60 193 67 9
1 5 50 2 68 194 183 55 195 306
1 5 194 68 4 69 306 195 72 196
1 5 183 55 195 306 53 8 70 197
1 5 306 195 72 196 197 70 10 71
1 5 2 58 198 68 55 188 307 195
1 5 58 3 73 198 188 63 199 307
1 5 198 73 5 74 307 199 77 200
1 5 68 198 74 4 195 307 200 72
1 5 55 188 307 195 8 61 201 70
1 5 188 63 199 307 61 9 75 201
1 5 307 199 77 200 201 75 11 76
1 5 195 307 200 72 70 201 76 10
1 5 3 65 202 73 63 192 308 199
1 5 73 202 78 5 199 308 203 77
1 5 63 192 308 199 9 67 204 75
1 5 199 308 203 77 75 204 79 11
1 5 69 4 80 205 196 72 206 309
1 5 196 72 206 309 71 10 81 207
1 5 4 74 208 80 72 200 310 206
1 5 74 5 82 208 200 77 209 310
1 5 72 200 310 206 10 76 210 81
1 5 200 77 209 310 76 11 83 210
1 5 5 78 211 82 77 203 311 209
1 5 77 203 311 209 11 79 212 83
1 5 51 6 52 184 213 88 214 312
1 5 184 52 8 53 312 214 89 215
1 5 213 88 214 312 85 13 86 216
1 5 312 214 89 215 216 86 17 87
1 5 6 59 189 52 88 217 313 214
1 5 59 7 60 189 217 93 218 313
1 5 189 60 9 61 313 218 94 219
1 5 52 189 61 8 214 313 219 89
1 5 88 217 313 214 13 90 220 86
1 5 217 93 218 313 90 14 91 220
1 5 313 218 94 219 220 91 18 92
1 5 214 313 219 89 86 220 92 17
1 5 7 66 193 60 93 221 314 218
1 5 60 193 67 9 218 314 223 94
1 5 93 221 314 218 14 95 224 91
1 5 221 98 222 314 95 15 96 224
1 5 314 222 99 223 224 96 19 97
1 5 218 314 223 94 91 224 97 18
1 5 98 225 315 222 15 100 227 96
1 5 222 315 226 99 96 227 101 19
1 5 53 8 70 197 215 89 228 316
1 5 197 70 10 71 316 228 105 229
1 5 215 89 228 316 87 17 103 230
1 5 316 228 105 229 230 103 21 104
1 5 8 61 201 70 89 219 317 228
1 5 61 9 75 201 219 94 231 317
1 5 201 75 11 76 317 231 108 232
1 5 70 201 76 10 228 317 232 105
1 5 89 219 317 228 17 92 233 103
1 5 219 94 231 317 92 18 106 233
1 5 317 231 108 232 233 106 22 107
1 5 228 317 232 105 103 233 107 21
1 5 9 67 204 75 94 223 318 231
1 5 75 204 79 11 231 318 235 108
1 5 94 223 318 231 18 97 236 106
1 5 223 99 234 318 97 19 109 236
1 5 318 234 111 235 236 109 23 110
1 5 231 318 235 108 106 236 110 22
1 5 99 226 319 234 19 101 238 109
1 5 234 319 237 111 109 238 112 23
1 5 71 10 81 207 229 105 239 320
1 5 229 105 239 320 104 21 114 240
1 5 10 76 210 81 105 232 321 239
1 5 76 11 83 210 232 108 241 321
1 5 105 232 321 239 21 107 242 114
1 5 232 108 241 321 107 22 115 242
1 5 11 79 212 83 108 235 322 241
1 5 108 235 322 241 22 110 243 115
1 5 12 85 216 84 117 245 323 244
1 5 85 13 86 216 245 122 246 323
1 5 216 86 17 87 323 246 123 247
1 5 84 216 87 16 244 323 247 118
1 5 117 245 323 244 24 119 248 116
1 5 245 122 246 323 119 25 120 248
1 5 323 246 123 247 248 120 29 121
1 5 244 323 247 118 116 248 121 28
1 5 13 90 220 86 122 249 324 246
1 5 90 14 91 220 249 127 250 324
1 5 220 91 18 92 324 250 128 251
1 5 86 220 92 17 246 324 251 123
1 5 122 249 324 246 25 124 252 120
1 5 249 127 250 324 124 26 125 252
1 5 324 250 128 251 252 125 30 126
1 5 246 324 251 123 120 252 126 29
1 5 14 95 224 91 127 253 325 250
1 5 95 15 96 224 253 132 254 325
1 5 224 96 19 97 325 254 133 255
1 5 91 224 97 18 250 325 255 128
1 5 127 253 325 250 26 129 256 125
1 5 253 132 254 325 129 27 130 256
1 5 325 254 133 255 256 130 31 131
1 5 250 325 255 128 125 256 131 30
1 5 15 100 227 96 132 257 326 254
1 5 96 227 101 19 254 326 258 133
1 5 132 257 326 254 27 134 259 130
1 5 254 326 258 133 130 259 135 31
1 5 16 87 230 102 118 247 327 260
1 5 87 17 103 230 247 123 261 327
1 5 230 103 21 104 327 261 140 262
1 5 102 230 104 20 260 327 262 137
1 5 118 247 327 260 28 121 263 136
1 5 247 123 261 327 121 29 138 263
1 5 327 261 140 262 263 138 33 139
1 5 260 327 262 137 136 263 139 32
1 5 17 92 233 103 123 251 328 261
1 5 92 18 106 233 251 128 264 328
1 5 233 106 22 107 328 264 143 265
1 5 103 233 107 21 261 328 265 140
1 5 123 251 328 261 29 126 266 138
1 5 251 128 264 328 126 30 141 266
1 5 328 264 143 265 266 141 34 142
1 5 261 328 265 140 138 266 142 33
1 5 18 97 236 106 128 255 329 264
1 5 97 19 109 236 255 133 267 329
1 5 236 109 23 110 329 267 146 268
1 5 106 236 110 22 264 329 268 143
1 5 128 255 329 264 30 131 269 141
1 5 255 133 267 329 131 31 144 269
1 5 329 267 146 268 269 144 35 145
1 5 264 329 268 143 141 269 145 34
1 5 19 101 238 109 133 258 330 267
1 5 109 238 112 23 267 330 270 146
1 5 133 258 330 267 31 135 271 144
1 5 267 330 270 146 144 271 147 35
1 5 20 104 240 113 137 262 331 272
1 5 104 21 114 240 262 140 273 331
1 5 21 107 242 114 140 265 332 273
1 5 107 22 115 242 265 143 274 332
1 5 22 110 243 115 143 268 333 274
1 5 24 119 248 116 149 276 334 275
1 5 119 25 120 248 276 154 277 334
1 5 248 120 29 121 334 277 155 278
1 5 116 248 121 28 275 334 278 150
1 5 149 276 334 275 36 151 279 148
1 5 276 154 277 334 151 37 152 279
1 5 334 277 155 278 279 152 41 153
1 5 275 334 278 150 148 279 153 40
1 5 25 124 252 120 154 280 335 277
1 5 124 26 125 252 280 159 281 335
1 5 252 125 30 126 335 281 160 282
1 5 120 252 126 29 277 335 282 155
1 5 154 280 335 277 37 156 283 152
1 5 280 159 281 335 156 38 157 283
1 5 335 281 160 282 283 157 42 158
1 5 277 335 282 155 152 283 158 41
1 5 26 129 256 125 159 284 336 281
1 5 129 27 130 256 284 164 285 336
1 5 256 130 31 131 336 285 165 286
1 5 125 256 131 30 281 336 286 160
1 5 159 284 336 281 38 161 287 157
1 5 284 164 285 336 161 39 162 287
1 5 336 285 165 286 287 162 43 163
1 5 281 336 286 160 157 287 163 42
1 5 27 134 259 130 164 288 337 285
1 5 130 259 135 31 285 337 289 165
1 5 164 288 337 285 39 166 290 162
1 5 285 337 289 165 162 290 167 43
1 5 28 121 263 136 150 278 338 291
1 5 121 29 138 263 278 155 292 338
1 5 263 138 33 139 338 292 172 293
1 5 136 263 139 32 291 338 293 169
1 5 150 278 338 291 40 153 294 168
1 5 278 155 292 338 153 41 170 294
1 5 338 292 172 293 294 170 45 171
1 5 291 338 293 169 168 294 171 44
1 5 29 126 266 138 155 282 339 292
1 5 126 30 141 266 282 160 295 339
1 5 266 141 34 142 339 295 175 296
1 5 138 266 142 33 292 339 296 172
1 5 155 282 339 292 41 158 297 170
1 5 282 160 295 339 158 42 173 297
1 5 339 295 175 296 297 173 46 174
1 5 292 339 296 172 170 297 174 45
1 5 30 131 269 141 160 286 340 295
1 5 131 31 144 269 286 165 298 340
1 5 269 144 35 145 340 298 178 299
1 5 141 269 145 34 295 340 299 175
1 5 160 286 340 295 42 163 300 173
1 5 286 165 298 340 163 43 176 300
1 5 340 298 178 299 300 176 47 177
1 5 295 340 299 175 173 300 177 46
1 5 31 135 271 144 165 289 341 298
1 5 144 271 147 35 298 341 301 178
1 5 165 289 341 298 43 167 302 176
1 5 298 341 301 178 176 302 179 47

boundary
94
1 3 180 50 2 49
1 3 48 180 49 0
1 3 0 49 185 56
1 3 49 2 58 185
1 3 185 58 3 57
1 3 56 185 57 1
1 3 1 57 190 64
1 3 57 3 65 190
1 3 194 69 4 68
1 3 50 194 68 2
1 3 2 68 198 58
1 3 68 4 74 198
1 3 198 74 5 73
1 3 58 198 73 3
1 3 3 73 202 65
1 3 73 5 78 202
1 3 69 205 80 4
1 3 4 80 208 74
1 3 74 208 82 5
1 3 5 82 211 78
6 3 36 151 279 148
6 3 151 37 152 279
6 3 279 152 41 153
6 3 148 279 153 40
6 3 37 156 283 152
6 3 156 38 157 283
6 3 283 157 42 158
6 3 152 283 158 41
6 3 38 161 287 157
6 3 161 39 162 287
6 3 287 162 43 163
6 3 157 287 163 42
6 3 39 166 290 162
6 3 162 290 167 43
6 3 40 153 294 168
6 3 153 41 170 294
6 3 294 170 45 171
6 3 168 294 171 44
6 3 41 158 297 170
6 3 158 42 173 297
6 3 297 173 46 174
6 3 170 297 174 45
6 3 42 163 300 173
6 3 163 43 176 300
6 3 300 176 47 177
6 3 173 300 177 46
6 3 43 167 302 176
6 3 176 302 179 47
2 3 48 0 54 181
2 3 181 54 6 51
2 3 51 6 88 213
2 3 213 88 13 85
2 3 12 85 245 117
2 3 85 13 122 245
2 3 245 122 25 119
2 3 117 245 119 24
2 3 24 119 276 149
2 3 119 25 154 276
2 3 276 154 37 151
2 3 149 276 151 36
2 3 0 56 186 54
2 3 56 1 62 186
2 3 186 62 7 59
2 3 54 186 59 6
2 3 6 59 217 88
2 3 59 7 93 217
2 3 217 93 14 90
2 3 88 217 90 13
2 3 13 90 249 122
2 3 90 14 127 249
2 3 249 127 26 124
2 3 122 249 124 25
2 3 25 124 280 154
2 3 124 26 159 280
2 3 280 159 38 156
2 3 154 280 156 37
2 3 1 64 191 62
2 3 62 191 66 7
2 3 7 66 221 93
2 3 221 98 15 95
2 3 93 221 95 14
2 3 14 95 253 127
2 3 95 15 132 253
2 3 253 132 27 129
2 3 127 253 129 26
2 3 26 129 284 159
2 3 129 27 164 284
2 3 284 164 39 161
2 3 159 284 161 38
2 3 98 225 100 15
2 3 15 100 257 132
2 3 132 257 134 27
2 3 27 134 288 164
2 3 164 288 166 39

vertices
342

nodes
FiniteElementSpace
FiniteElementCollection: H1_3D_P1
VDim: 3
Ordering: 1

0.75 0 0
1 0 0
0.75 0.75 0
1 0.75 0
0.75 1.5 0
1 1.5 0
0.75 0 1.25
1 0 1.25
0.75 0.75 1.25
1 0.75 1.25
0.75 1.5 1.25
1 1.5 1.25
0.5 0 2.5
0.75 0 2.5
1 0 2.5
1.25 0 2.5
0.5 0.75 2.5
0.75 0.75 2.5
1 0.75 2.5
1.25 0.75 2.5
0.5 1.5 2.5
0.75 1.5 2.5
1 1.5 2.5
1.25 1.5 2.5
0.5 0 3.75
0.75 0 3.75
1 0 3.75
1.25 0 3.75
0.5 0.75 3.75
0.75 0.75 3.75
1 0.75 3.75
1.25 0.75 3.75
0.5 1.5 3.75
0.75 1.5 3.75
1 1.5 3.75
1.25 1.5 3.75
0.5 0 5
0.75 0 5
1 0 5
1.25 0 5
0.5 0.75 5
0.75 0.75 5
1 0.75 5
1.25 0.75 5
0.5 1.5 5
0.75 1.5 5
1 1.5 5
1.25 1.5 5
0.625 0 0
0.75 0.375 0
0.625 0.75 0
0.625 0 1.25
0.75 0.375 1.25
0.625 0.75 1.25
0.75 0 0.625
0.75 0.75 0.625
0.875 0 0
1 0.375 0
0.875 0.75 0
0.875 0 1.25
1 0.375 1.25
0.875 0.75 1.25
1 0 0.625
1 0.75 0.625
1.125 0 0
1.125 0.75 0
1.125 0 1.25
1.125 0.75 1.25
0.75 1.125 0
0.625 1.5 0
0.75 1.125 1.25
0.625 1.5 1.25
0.75 1.5 0.625
1 1.125 0
0.875 1.5 0
1 1.125 1.25
0.875 1.5 1.25
1 1.5 0.625
1.125 1.5 0
1.125 1.5 1.25
0.75 1.875 0
0.75 1.875 1.25
1 1.875 0
1 1.875 1.25
0.5 0.375 2.5
0.625 0 2.5
0.75 0.375 2.5
0.625 0.75 2.5
0.75 0 1.875
0.75 0.75 1.875
0.875 0 2.5
1 0.375 2.5
0.875 0.75 2.5
1 0 1.875
1 0.75 1.875
1.125 0 2.5
1.25 0.375 2.5
1.125 0.75 2.5
1.25 0 1.875
1.25 0.75 1.875
1.375 0 2.5
1.375 0.75 2.5
0.5 1.125 2.5
0.75 1.125 2.5
0.625 1.5 2.5
0.75 1.5 1.875
1 1.125 2.5
0.875 1.5 2.5
1 1.5 1.875
1.25 1.125 2.5
1.125 1.5 2.5
1.25 1.5 1.875
1.375 1.5 2.5
0.5 1.875 2.5
0.75 1.875 2.5
1 1.875 2.5
0.5 0.375 3.75
0.5 0 3.125
0.5 0.75 3.125
0.625 0 3.75
0.75 0.375 3.75
0.625 0.75 3.75
0.75 0 3.125
0.75 0.75 3.125
0.875 0 3.75
1 0.375 3.75
0.875 0.75 3.75
1 0 3.125
1 0.75 3.125
1.125 0 3.75
1.25 0.375 3.75
1.125 0.75 3.75
1.25 0 3.125
1.25 0.75 3.125
1.375 0 3.75
1.375 0.75 3.75
0.5 1.125 3.75
0.5 1.5 3.125
0.75 1.125 3.75
0.625 1.5 3.75
0.75 1.5 3.125
1 1.125 3.75
0.875 1.5 3.75
1 1.5 3.125
1.25 1.125 3.75
1.125 1.5 3.75
1.25 1.5 3.125
1.375 1.5 3.75
0.5 0.375 5
0.5 0 4.375
0.5 0.75 4.375
0.625 0 5
0.75 0.375 5
0.625 0.75 5
0.75 0 4.375
0.75 0.75 4.375
0.875 0 5
1 0.375 5
0.875 0.75 5
1 0 4.375
1 0.75 4.375
1.125 0 5
1.25 0.375 5
1.125 0.75 5
1.25 0 4.375
1.25 0.75 4.375
1.375 0 5
1.375 0.75 5
0.5 1.125 5
0.5 1.5 4.375
0.75 1.125 5
0.625 1.5 5
0.75 1.5 4.375
1 1.125 5
0.875 1.5 5
1 1.5 4.375
1.25 1.125 5
1.125 1.5 5
1.25 1.5 4.375
1.375 1.5 5
0.625 0.375 0
0.625 0 0.625
0.75 0.375 0.625
0.625 0.75 0.625
0.625 0.375 1.25
0.875 0.375 0
0.875 0 0.625
1 0.375 0.625
0.875 0.75 0.625
0.875 0.375 1.25
1.125 0.375 0
1.125 0 0.625
1.125 0.75 0.625
1.125 0.375 1.25
0.625 1.125 0
0.75 1.125 0.625
0.625 1.5 0.625
0.625 1.125 1.25
0.875 1.125 0
1 1.125 0.625
0.875 1.5 0.625
0.875 1.125 1.25
1.125 1.125 0
1.125 1.5 0.625
1.125 1.125 1.25
0.625 1.875 0
0.75 1.875 0.625
0.625 1.875 1.25
0.875 1.875 0
1 1.875 0.625
0.875 1.875 1.25
1.125 1.875 0
1.125 1.875 1.25
0.625 0 1.875
0.75 0.375 1.875
0.625 0.75 1.875
0.625 0.375 2.5
0.875 0 1.875
1 0.375 1.875
0.875 0.75 1.875
0.875 0.375 2.5
1.125 0 1.875
1.25 0.375 1.875
1.125 0.75 1.875
1.125 0.375 2.5
1.375 0 1.875
1.375 0.75 1.875
1.375 0.375 2.5
0.75 1.125 1.875
0.625 1.5 1.875
0.625 1.125 2.5
1 1.125 1.875
0.875 1.5 1.875
0.875 1.125 2.5
1.25 1.125 1.875
1.125 1.5 1.875
1.125 1.125 2.5
1.375 1.5 1.875
1.375 1.125 2.5
0.75 1.875 1.875
0.625 1.875 2.5
1 1.875 1.875
0.875 1.875 2.5
1.125 1.875 2.5
0.5 0.375 3.125
0.625 0 3.125
0.75 0.375 3.125
0.625 0.75 3.125
0.625 0.375 3.75
0.875 0 3.125
1 0.375 3.125
0.875 0.75 3.125
0.875 0.375 3.75
1.125 0 3.125
1.25 0.375 3.125
1.125 0.75 3.125
1.125 0.375 3.75
1.375 0 3.125
1.375 0.75 3.125
1.375 0.375 3.75
0.5 1.125 3.125
0.75 1.125 3.125
0.625 1.5 3.125
0.625 1.125 3.75
1 1.125 3.125
0.875 1.5 3.125
0.875 1.125 3.75
1.25 1.125 3.125
1.125 1.5 3.125
1.125 1.125 3.75
1.375 1.5 3.125
1.375 1.125 3.75
0.5 1.875 3.125
0.75 1.875 3.125
1 1.875 3.125
0.5 0.375 4.375
0.625 0 4.375
0.75 0.375 4.375
0.625 0.75 4.375
0.625 0.375 5
0.875 0 4.375
1 0.375 4.375
0.875 0.75 4.375
0.875 0.375 5
1.125 0 4.375
1.25 0.375 4.375
1.125 0.75 4.375
1.125 0.375 5
1.375 0 4.375
1.375 0.75 4.375
1.375 0.375 5
0.5 1.125 4.375
0.75 1.125 4.375
0.625 1.5 4.375
0.625 1.125 5
1 1.125 4.375
0.875 1.5 4.375
0.875 1.125 5
1.25 1.125 4.375
1.125 1.5 4.375
1.125 1.125 5
1.375 1.5 4.375
1.375 1.125 5
0.625 0.375 0.625
0.875 0.375 0.625
1.125 0.375 0.625
0.625 1.125 0.625
0.875 1.125 0.625
1.125 1.125 0.625
0.625 1.875 0.625
0.875 1.875 0.625
1.125 1.875 0.625
0.625 0.375 1.875
0.875 0.375 1.875
1.125 0.375 1.875
1.375 0.375 1.875
0.625 1.125 1.875
0.875 1.125 1.875
1.125 1.125 1.875
1.375 1.125 1.875
0.625 1.875 1.875
0.875 1.875 1.875
1.125 1.875 1.875
0.625 0.375 3.125
0.875 0.375 3.125
1.125 0.375 3.125
1.375 0.375 3.125
0.625 1.125 3.125
0.875 1.125 3.125
1.125 1.125 3.125
1.375 1.125 3.125
0.625 1.875 3.125
0.875 1.875 3.125
1.125 1.875 3.125
0.625 0.375 4.375
0.875 0.375 4.375
1.125 0.375 4.375
1.375 0.375 4.375
0.625 1.125 4.375
0.875 1.125 4.375
1.125 1.125 4.375
1.375 1.125 4.375
mfem_serial_mesh_end

communication_groups
number_of_groups 10

# number of entities in each group, followed by group ids in group
1 2
2 2 4
2 0 2
2 2 3
2 1 2
3 2 3 4
3 0 2 3
3 0 1 2
3 1 2 3
4 0 1 2 3

total_shared_vertices 163
total_shared_edges 300
total_shared_faces 138

# group 1
shared_vertices 46
12
16
20
24
28
36
40
48
50
51
53
69
71
84
85
87
102
104
116
117
118
136
148
149
150
168
180
181
183
184
194
196
197
213
215
216
229
230
244
260
275
291
303
306
312
316

shared_edges 88
48 180
181 303
48 181
180 303
50 180
183 303
50 183
51 184
51 181
184 303
53 184
53 183
50 194
183 306
194 306
69 194
196 306
69 196
53 197
197 306
71 197
71 196
69 205
196 309
71 207
12 84
16 84
213 312
51 213
184 312
215 312
53 215
12 85
85 216
84 216
85 213
216 312
87 216
87 215
16 87
16 102
20 102
215 316
197 316
229 316
71 229
87 230
102 230
230 316
104 230
104 229
20 104
20 113
229 320
104 240
117 244
12 117
84 244
118 244
16 118
24 116
24 117
116 244
28 116
28 118
118 260
102 260
137 260
20 137
28 136
136 260
32 136
149 275
24 149
116 275
150 275
28 150
36 148
36 149
148 275
40 148
40 150
150 291
136 291
169 291
40 168
168 291
44 168

shared_faces 42
3 48 180 303 181
3 50 180 303 183
3 181 303 184 51
3 183 303 184 53
3 50 194 306 183
3 69 194 306 196
3 183 306 197 53
3 196 306 197 71
3 69 205 309 196
3 196 309 207 71
3 51 184 312 213
3 53 184 312 215
3 213 312 216 85
3 12 85 216 84
3 215 312 216 87
3 84 216 87 16
3 53 197 316 215
3 71 197 316 229
3 215 316 230 87
3 16 87 230 102
3 229 316 230 104
3 102 230 104 20
3 71 207 320 229
3 229 320 240 104
3 20 104 240 113
3 12 84 244 117
3 84 16 118 244
3 117 244 116 24
3 244 118 28 116
3 16 102 260 118
3 102 20 137 260
3 118 260 136 28
3 260 137 32 136
3 20 113 272 137
3 24 116 275 149
3 116 28 150 275
3 149 275 148 36
3 275 150 40 148
3 28 136 291 150
3 136 32 169 291
3 150 291 168 40
3 291 169 44 168

# group 2
shared_vertices 33
64
65
66
67
78
79
98
99
100
101
190
191
192
193
202
203
204
211
221
222
223
225
226
227
234
238
305
308
311
314
315
318
319

shared_edges 66
64 190
191 305
64 191
190 305
65 190
192 305
65 192
66 193
66 191
193 305
67 193
67 192
65 202
192 308
202 308
78 202
203 308
78 203
67 204
204 308
79 204
79 203
78 211
82 211
203 311
209 311
211 311
79 212
212 311
221 314
66 221
193 314
98 221
98 222
222 314
99 222
99 223
223 314
67 223
98 225
225 315
222 315
226 315
99 226
100 227
100 225
227 315
101 227
101 226
223 318
204 318
99 234
234 318
111 234
235 318
79 235
226 319
234 319
237 319
101 238
238 319
112 238
100 257
227 326
101 258
238 330

shared_faces 33
3 64 190 305 191
3 65 190 305 192
3 191 305 193 66
3 192 305 193 67
3 65 202 308 192
3 78 202 308 203
3 192 308 204 67
3 203 308 204 79
3 78 211 311 203
3 211 82 209 311
3 203 311 212 79
3 311 209 83 212
3 66 193 314 221
3 221 98 222 314
3 67 193 314 223
3 314 222 99 223
3 98 225 315 222
3 222 315 226 99
3 225 315 227 100
3 226 315 227 101
3 67 204 318 223
3 223 99 234 318
3 79 204 318 235
3 318 234 111 235
3 99 226 319 234
3 234 319 237 111
3 226 319 238 101
3 237 319 238 112
3 79 212 322 235
3 100 227 326 257
3 101 227 326 258
3 101 238 330 258
3 112 238 330 270

# group 3
shared_vertices 32
33
34
45
46
80
81
114
115
139
140
142
143
171
172
174
175
206
208
210
239
241
242
262
265
273
274
293
296
310
321
331
332

shared_edges 72
80 205
206 309
80 206
81 207
81 206
80 208
206 310
208 310
82 208
209 310
81 210
210 310
83 210
239 320
81 239
114 240
114 239
239 321
210 321
241 321
83 241
114 242
242 321
115 242
115 241
241 322
115 243
140 262
137 262
33 139
33 140
139 262
32 139
143 265
140 265
34 142
34 143
142 265
33 142
143 268
34 145
262 331
272 331
240 331
140 273
273 331
114 273
265 332
273 332
242 332
143 274
274 332
115 274
274 333
172 293
33 172
139 293
169 293
45 171
45 172
171 293
44 171
175 296
34 175
142 296
172 296
46 174
46 175
174 296
45 174
175 299
46 177

shared_faces 39
3 80 205 309 206
3 206 309 207 81
3 208 80 206 310
3 82 208 310 209
3 310 206 81 210
3 209 310 210 83
3 81 207 320 239
3 239 320 240 114
3 210 81 239 321
3 83 210 321 241
3 321 239 114 242
3 241 321 242 115
3 212 83 241 322
3 322 241 115 243
3 140 262 139 33
3 262 137 32 139
3 143 265 142 34
3 265 140 33 142
3 268 143 34 145
3 240 113 272 331
3 137 262 331 272
3 114 240 331 273
3 262 140 273 331
3 242 114 273 332
3 140 265 332 273
3 115 242 332 274
3 265 143 274 332
3 243 115 274 333
3 143 268 333 274
3 33 139 293 172
3 139 32 169 293
3 172 293 171 45
3 293 169 44 171
3 34 142 296 175
3 142 33 172 296
3 175 296 174 46
3 296 172 45 174
3 145 34 175 299
3 299 175 46 177

# group 4
shared_vertices 21
23
35
47
110
134
135
146
147
166
167
178
179
259
271
288
289
290
301
302
337
341

shared_edges 45
23 110
23 111
110 235
23 112
110 243
134 259
134 257
259 326
135 259
135 258
146 268
23 146
110 268
35 145
35 146
146 270
135 271
271 330
147 271
147 270
35 147
288 337
134 288
259 337
289 337
135 289
166 290
166 288
290 337
167 290
167 289
178 299
35 178
47 177
47 178
289 341
271 341
301 341
147 301
178 301
167 302
302 341
179 302
179 301
47 179

shared_faces 24
3 111 235 110 23
3 237 111 23 112
3 235 322 243 110
3 257 326 259 134
3 258 326 259 135
3 23 110 268 146
3 146 268 145 35
3 112 23 146 270
3 258 330 271 135
3 270 330 271 147
3 270 146 35 147
3 110 243 333 268
3 134 259 337 288
3 135 259 337 289
3 288 337 290 166
3 289 337 290 167
3 35 145 299 178
3 178 299 177 47
3 135 271 341 289
3 147 271 341 301
3 147 35 178 301
3 289 341 302 167
3 301 341 302 179
3 301 178 47 179

# group 5
shared_vertices 11
32
44
113
137
169
205
207
240
272
309
320

shared_edges 10
205 309
207 309
207 320
113 240
240 320
32 137
137 272
113 272
32 169
44 169

shared_faces 0

# group 6
shared_vertices 4
82
83
209
212

shared_edges 4
82 209
83 209
83 212
212 322

shared_faces 0

# group 7
shared_vertices 9
111
112
235
237
257
258
270
326
330

shared_edges 9
111 235
111 237
112 237
235 322
257 326
258 326
258 330
270 330
112 270

shared_faces 0

# group 8
shared_vertices 6
145
177
243
268
299
333

shared_edges 6
243 322
145 268
268 333
243 333
145 299
177 299

shared_faces 0

# group 9
shared_vertices 1
322

shared_edges 0

shared_faces 0

mfem_mesh_end
