# GfsView 3D
View {
  tx = 0.168031 ty = -0.0878971
  sx = 1 sy = 1 sz = 1
  q0 = 0.521144 q1 = 0.689158 q2 = -0.0547445 q3 = 0.500474
  fov = 6.52826
  r = 0.3 g = 0.4 b = 0.6
  res = 1
  lc = 0.001
  reactivity = 0.1
}
VOF {
  r = 1 g = 1 b = 1
  shading = Constant
  maxlevel = -1
  font_size = 1
  raster_font = 1
  line_width = 1
} {
  n.x = 0 n.y = 0 n.z = 1
  pos = 0
} pid {
  amin = 1
  amax = 1
  cmap = Jet
} ff {
  reversed = 0
  use_scalar = 1
  draw_edges = 0
  interpolate = 0
}
