# GfsView 3D
View {
  tx = -0.0729533 ty = 0.0425209
  sx = 1 sy = 1 sz = 1
  q0 = 0.027522 q1 = 0.88679 q2 = 0.227492 q3 = 0.40136
  fov = 10.7057
  r = 1 g = 1 b = 1
  res = 1
  lc = 0.001
  reactivity = 0.1
}
Isosurface {
  r = 1 g = 1 b = 1
  shading = Constant
  maxlevel = -1
  font_size = 1
  raster_font = 1
  line_width = 1
} {
  n.x = 0 n.y = 0 n.z = 1
  pos = 0
} vyz {
  amin = 0 min = -1
  amax = 0 max = 1
  cmap = Cool
} l2 {
  level = -0.01
  reversed = 0
  use_scalar = 1
}
